&1000
37.796447 37.796447 1.000000  0         Press: 25.279683
a 18.650629  7.387604  0.000000  0.603  0.970 1.351  -0.546452 -0.837491 0.000000   0.837491 -0.546452 0.000000   0.000000 0.000000 1.000000  281  606  655  622  224
a 1.672047  36.617689  0.000000  0.603  0.970 1.351  0.941236 -0.337749 0.000000   0.337749 0.941236 0.000000   0.000000 0.000000 1.000000  65  343  57  736  892
a 22.139920  37.119331  0.000000  0.603  0.970 1.351  -0.170939 0.985282 0.000000   -0.985282 -0.170939 0.000000   0.000000 0.000000 1.000000  192  82  -1  -1  513
a 19.218971  20.865644  0.000000  0.603  0.970 1.351  0.455823 0.890070 0.000000   -0.890070 0.455823 0.000000   0.000000 0.000000 1.000000  509  534  472  639  823
a 17.273874  13.788983  0.000000  0.603  0.970 1.351  0.859174 0.511684 0.000000   -0.511684 0.859174 0.000000   0.000000 0.000000 1.000000  819  -1  519  796  424
a 15.107818  6.942901  0.000000  0.603  0.970 1.351  0.991736 0.128295 0.000000   -0.128295 0.991736 0.000000   0.000000 0.000000 1.000000  28  492  342  382  847
a 7.184658  28.581802  0.000000  0.603  0.970 1.351  -0.686930 -0.726723 0.000000   0.726723 -0.686930 0.000000   0.000000 0.000000 1.000000  14  904  140  -1  879
a 24.617867  6.624412  0.000000  0.603  0.970 1.351  0.106086 0.994357 0.000000   -0.994357 0.106086 0.000000   0.000000 0.000000 1.000000  223  433  -1  -1  408
a 12.663366  20.183158  0.000000  0.603  0.970 1.351  -0.992245 -0.124300 0.000000   0.124300 -0.992245 0.000000   0.000000 0.000000 1.000000  -1  874  618  341  567
a 11.239689  25.693442  0.000000  0.603  0.970 1.351  0.863888 -0.503684 0.000000   0.503684 0.863888 0.000000   0.000000 0.000000 1.000000  159  319  365  -1  -1
a 25.380649  33.805080  0.000000  0.603  0.970 1.351  0.999444 -0.033338 0.000000   0.033338 0.999444 0.000000   0.000000 0.000000 1.000000  712  493  -1  437  91
a 22.249275  27.622289  0.000000  0.603  0.970 1.351  0.958094 -0.286453 0.000000   0.286453 0.958094 0.000000   0.000000 0.000000 1.000000  967  -1  302  33  400
a 5.930635  21.319848  0.000000  0.603  0.970 1.351  -0.380105 0.924943 0.000000   -0.924943 -0.380105 0.000000   0.000000 0.000000 1.000000  755  714  99  -1  464
a 22.336828  25.213745  0.000000  0.603  0.970 1.351  0.749349 -0.662175 0.000000   0.662175 0.749349 0.000000   0.000000 0.000000 1.000000  742  85  400  948  812
a 6.334850  27.696088  0.000000  0.603  0.970 1.351  0.790340 0.612669 0.000000   -0.612669 0.790340 0.000000   0.000000 0.000000 1.000000  6  879  379  786  -1
a 30.579578  11.047734  0.000000  0.603  0.970 1.351  -0.370348 0.928893 0.000000   -0.928893 -0.370348 0.000000   0.000000 0.000000 1.000000  -1  669  771  76  143
a 33.887159  21.987395  0.000000  0.603  0.970 1.351  0.616478 -0.787372 0.000000   0.787372 0.616478 0.000000   0.000000 0.000000 1.000000  724  -1  934  481  52
a 20.325976  17.745927  0.000000  0.603  0.970 1.351  -0.898334 -0.439314 0.000000   0.439314 -0.898334 0.000000   0.000000 0.000000 1.000000  667  29  737  -1  508
a 33.495613  9.044632  0.000000  0.603  0.970 1.351  -0.782891 -0.622159 0.000000   0.622159 -0.782891 0.000000   0.000000 0.000000 1.000000  176  -1  387  205  275
a 4.682304  0.835643  0.000000  0.603  0.970 1.351  0.396151 -0.918185 0.000000   0.918185 0.396151 0.000000   0.000000 0.000000 1.000000  957  975  586  900  855
a 21.243135  12.466666  0.000000  0.603  0.970 1.351  0.115166 -0.993346 0.000000   0.993346 0.115166 0.000000   0.000000 0.000000 1.000000  826  47  -1  527  467
a 2.491127  12.686093  0.000000  0.603  0.970 1.351  -0.531196 0.847249 0.000000   -0.847249 -0.531196 0.000000   0.000000 0.000000 1.000000  919  213  954  -1  775
a 17.457383  4.692956  0.000000  0.603  0.970 1.351  0.892315 0.451414 0.000000   -0.451414 0.892315 0.000000   0.000000 0.000000 1.000000  816  -1  288  940  891
a 5.543203  8.261444  0.000000  0.603  0.970 1.351  -0.668512 -0.743702 0.000000   0.743702 -0.668512 0.000000   0.000000 0.000000 1.000000  257  238  539  889  315
a 25.269834  23.165586  0.000000  0.603  0.970 1.351  -0.170846 0.985298 0.000000   -0.985298 -0.170846 0.000000   0.000000 0.000000 1.000000  648  785  115  607  94
a 10.208913  10.719881  0.000000  0.603  0.970 1.351  0.707200 -0.707013 0.000000   0.707013 0.707200 0.000000   0.000000 0.000000 1.000000  781  235  92  259  246
a 4.700760  29.789531  0.000000  0.603  0.970 1.351  0.962243 0.272191 0.000000   -0.272191 0.962243 0.000000   0.000000 0.000000 1.000000  529  -1  54  166  -1
a 9.091350  23.082466  0.000000  0.603  0.970 1.351  0.835004 -0.550243 0.000000   0.550243 0.835004 0.000000   0.000000 0.000000 1.000000  145  222  974  -1  453
a 16.336898  6.873825  0.000000  0.603  0.970 1.351  -0.522626 -0.852562 0.000000   0.852562 -0.522626 0.000000   0.000000 0.000000 1.000000  847  665  224  381  5
a 20.536031  16.549845  0.000000  0.603  0.970 1.351  -0.371915 -0.928267 0.000000   0.928267 -0.371915 0.000000   0.000000 0.000000 1.000000  406  -1  737  17  -1
a 10.276261  19.885183  0.000000  0.603  0.970 1.351  0.571057 0.820910 0.000000   -0.820910 0.571057 0.000000   0.000000 0.000000 1.000000  703  129  654  55  743
a 26.160749  26.423179  0.000000  0.603  0.970 1.351  0.039566 0.999217 0.000000   -0.999217 0.039566 0.000000   0.000000 0.000000 1.000000  -1  -1  861  142  944
a 18.796447  31.932285  0.000000  0.603  0.970 1.351  0.962375 -0.271726 0.000000   0.271726 0.962375 0.000000   0.000000 0.000000 1.000000  314  -1  44  682  164
a 21.060191  27.232246  0.000000  0.603  0.970 1.351  0.962570 0.271033 0.000000   -0.271033 0.962570 0.000000   0.000000 0.000000 1.000000  11  302  174  560  400
a 16.258697  25.221746  0.000000  0.603  0.970 1.351  0.250834 -0.968030 0.000000   0.968030 0.250834 0.000000   0.000000 0.000000 1.000000  810  945  187  -1  675
a 30.621183  0.512142  0.000000  0.603  0.970 1.351  0.021562 -0.999768 0.000000   0.999768 0.021562 0.000000   0.000000 0.000000 1.000000  266  863  672  170  73
a 22.538533  6.097278  0.000000  0.603  0.970 1.351  -0.392159 -0.919898 0.000000   0.919898 -0.392159 0.000000   0.000000 0.000000 1.000000  984  -1  -1  578  626
a 8.421355  6.194285  0.000000  0.603  0.970 1.351  0.319239 0.947674 0.000000   -0.947674 0.319239 0.000000   0.000000 0.000000 1.000000  930  489  844  -1  -1
a 28.604213  32.923745  0.000000  0.603  0.970 1.351  0.999209 0.039760 0.000000   -0.039760 0.999209 0.000000   0.000000 0.000000 1.000000  -1  522  184  -1  917
a 0.276640  20.422054  0.000000  0.603  0.970 1.351  0.937079 -0.349117 0.000000   0.349117 0.937079 0.000000   0.000000 0.000000 1.000000  498  264  -1  801  827
a 21.142132  10.028979  0.000000  0.603  0.970 1.351  0.993839 -0.110837 0.000000   0.110837 0.993839 0.000000   0.000000 0.000000 1.000000  552  -1  958  -1  278
a 32.989791  0.446554  0.000000  0.603  0.970 1.351  0.742920 0.669380 0.000000   -0.669380 0.742920 0.000000   0.000000 0.000000 1.000000  565  331  863  558  922
a 15.376741  12.782031  0.000000  0.603  0.970 1.351  0.976995 -0.213262 0.000000   0.213262 0.976995 0.000000   0.000000 0.000000 1.000000  796  519  -1  523  207
a 23.645831  12.140939  0.000000  0.603  0.970 1.351  0.644205 -0.764853 0.000000   0.764853 0.644205 0.000000   0.000000 0.000000 1.000000  507  383  376  47  -1
a 17.825925  32.724402  0.000000  0.603  0.970 1.351  0.833931 -0.551869 0.000000   0.551869 0.833931 0.000000   0.000000 0.000000 1.000000  32  865  409  647  682
a 17.752193  15.327431  0.000000  0.603  0.970 1.351  -0.690707 -0.723135 0.000000   0.723135 -0.690707 0.000000   0.000000 0.000000 1.000000  -1  819  -1  -1  71
a 31.552767  19.567794  0.000000  0.603  0.970 1.351  -0.713253 -0.700906 0.000000   0.700906 -0.713253 0.000000   0.000000 0.000000 1.000000  237  -1  -1  579  60
a 22.459031  12.479783  0.000000  0.603  0.970 1.351  0.718430 0.695600 0.000000   -0.695600 0.718430 0.000000   0.000000 0.000000 1.000000  376  297  20  -1  43
a 35.902273  31.499076  0.000000  0.603  0.970 1.351  -0.936782 0.349914 0.000000   -0.349914 -0.936782 0.000000   0.000000 0.000000 1.000000  955  913  730  960  104
a 22.127741  32.932919  0.000000  0.603  0.970 1.351  0.719547 0.694444 0.000000   -0.694444 0.719547 0.000000   0.000000 0.000000 1.000000  404  132  260  895  364
a 6.271747  37.733912  0.000000  0.603  0.970 1.351  -0.995838 -0.091139 0.000000   0.091139 -0.995838 0.000000   0.000000 0.000000 1.000000  957  805  795  -1  -1
a 16.188749  34.093796  0.000000  0.603  0.970 1.351  0.711015 -0.703177 0.000000   0.703177 0.711015 0.000000   0.000000 0.000000 1.000000  -1  -1  307  959  680
a 32.990693  21.180116  0.000000  0.603  0.970 1.351  -0.998684 -0.051295 0.000000   0.051295 -0.998684 0.000000   0.000000 0.000000 1.000000  579  377  570  16  481
a 16.882050  9.781914  0.000000  0.603  0.970 1.351  0.998454 -0.055587 0.000000   0.055587 0.998454 0.000000   0.000000 0.000000 1.000000  -1  280  952  630  583
a 3.523282  30.149356  0.000000  0.603  0.970 1.351  -0.991457 -0.130431 0.000000   0.130431 -0.991457 0.000000   0.000000 0.000000 1.000000  668  -1  26  479  -1
a 10.039118  18.695150  0.000000  0.603  0.970 1.351  0.339932 0.940450 0.000000   -0.940450 0.339932 0.000000   0.000000 0.000000 1.000000  30  654  -1  660  659
a 3.790603  35.373302  0.000000  0.603  0.970 1.351  0.199894 -0.979818 0.000000   0.979818 0.199894 0.000000   0.000000 0.000000 1.000000  883  -1  612  65  684
a 0.815138  37.476812  0.000000  0.603  0.970 1.351  -0.417510 -0.908673 0.000000   0.908673 -0.417510 0.000000   0.000000 0.000000 1.000000  -1  1  713  593  -1
a 31.499545  26.756792  0.000000  0.603  0.970 1.351  0.123024 -0.992404 0.000000   0.992404 0.123024 0.000000   0.000000 0.000000 1.000000  580  198  825  870  448
a 24.166827  29.349159  0.000000  0.603  0.970 1.351  0.427038 -0.904234 0.000000   0.904234 0.427038 0.000000   0.000000 0.000000 1.000000  884  615  363  -1  -1
a 30.376759  19.952659  0.000000  0.603  0.970 1.351  0.217009 -0.976170 0.000000   0.976170 0.217009 0.000000   0.000000 0.000000 1.000000  237  46  380  993  678
a 8.327876  0.445474  0.000000  0.603  0.970 1.351  0.924857 0.380315 0.000000   -0.380315 0.924857 0.000000   0.000000 0.000000 1.000000  244  449  -1  795  428
a 11.753303  17.360031  0.000000  0.603  0.970 1.351  0.854612 0.519268 0.000000   -0.519268 0.854612 0.000000   0.000000 0.000000 1.000000  -1  659  660  309  835
a 23.684528  14.554932  0.000000  0.603  0.970 1.351  -0.999657 0.026207 0.000000   -0.026207 -0.999657 0.000000   0.000000 0.000000 1.000000  629  376  909  103  880
a 15.136686  31.948196  0.000000  0.603  0.970 1.351  -0.733454 0.679739 0.000000   -0.679739 -0.733454 0.000000   0.000000 0.000000 1.000000  354  705  74  81  680
a 2.898570  36.265559  0.000000  0.603  0.970 1.351  0.715807 -0.698298 0.000000   0.698298 0.715807 0.000000   0.000000 0.000000 1.000000  56  612  343  1  684
a 1.659236  27.749106  0.000000  0.603  0.970 1.351  -0.173949 -0.984755 0.000000   0.984755 -0.173949 0.000000   0.000000 0.000000 1.000000  526  89  997  843  333
a 17.676466  22.741072  0.000000  0.603  0.970 1.351  -0.613767 -0.789487 0.000000   0.789487 -0.613767 0.000000   0.000000 0.000000 1.000000  577  534  -1  765  514
a 20.670910  35.081910  0.000000  0.603  0.970 1.351  0.628591 0.777736 0.000000   -0.777736 0.628591 0.000000   0.000000 0.000000 1.000000  374  568  746  978  -1
a 12.398876  22.516132  0.000000  0.603  0.970 1.351  0.631280 0.775555 0.000000   -0.775555 0.631280 0.000000   0.000000 0.000000 1.000000  518  488  361  567  -1
a 10.827701  23.227635  0.000000  0.603  0.970 1.351  -0.763692 -0.645580 0.000000   0.645580 -0.763692 0.000000   0.000000 0.000000 1.000000  145  361  -1  769  222
a 16.808674  16.100108  0.000000  0.603  0.970 1.351  0.768769 -0.639526 0.000000   0.639526 0.768769 0.000000   0.000000 0.000000 1.000000  45  -1  -1  -1  195
a 31.804489  36.211132  0.000000  0.603  0.970 1.351  0.955833 -0.293910 0.000000   0.293910 0.955833 0.000000   0.000000 0.000000 1.000000  217  558  266  820  671
a 29.405091  0.201730  0.000000  0.603  0.970 1.351  -0.762016 -0.647559 0.000000   0.647559 -0.762016 0.000000   0.000000 0.000000 1.000000  -1  439  35  170  549
a 15.615784  30.835863  0.000000  0.603  0.970 1.351  0.906012 -0.423252 0.000000   0.423252 0.906012 0.000000   0.000000 0.000000 1.000000  887  81  64  546  790
a 1.273831  14.709488  0.000000  0.603  0.970 1.351  0.435815 0.900036 0.000000   -0.900036 0.435815 0.000000   0.000000 0.000000 1.000000  -1  -1  -1  919  152
a 31.470010  10.152223  0.000000  0.603  0.970 1.351  0.163182 -0.986596 0.000000   0.986596 0.163182 0.000000   0.000000 0.000000 1.000000  541  275  239  15  771
a 13.014713  15.414143  0.000000  0.603  0.970 1.351  -0.990290 -0.139016 0.000000   0.139016 -0.990290 0.000000   0.000000 0.000000 1.000000  232  789  484  -1  835
a 24.475271  35.342388  0.000000  0.603  0.970 1.351  -0.975706 -0.219086 0.000000   0.219086 -0.975706 0.000000   0.000000 0.000000 1.000000  711  585  493  113  149
a 2.162772  15.604771  0.000000  0.603  0.970 1.351  0.134698 0.990887 0.000000   -0.990887 0.134698 0.000000   0.000000 0.000000 1.000000  938  265  -1  152  903
a 27.403487  20.287188  0.000000  0.603  0.970 1.351  0.707605 0.706608 0.000000   -0.706608 0.707605 0.000000   0.000000 0.000000 1.000000  971  255  596  -1  179
a 16.415037  31.745862  0.000000  0.603  0.970 1.351  0.522830 -0.852437 0.000000   0.852437 0.522830 0.000000   0.000000 0.000000 1.000000  887  -1  647  64  74
a 20.942066  37.300398  0.000000  0.603  0.970 1.351  0.359996 -0.932954 0.000000   0.932954 0.359996 0.000000   0.000000 0.000000 1.000000  374  2  -1  318  568
a 18.299329  34.758030  0.000000  0.603  0.970 1.351  0.654381 0.756165 0.000000   -0.756165 0.654381 0.000000   0.000000 0.000000 1.000000  256  490  -1  -1  746
a 15.041364  16.762266  0.000000  0.603  0.970 1.351  0.949564 0.313573 0.000000   -0.313573 0.949564 0.000000   0.000000 0.000000 1.000000  384  573  422  744  148
a 23.198209  26.060639  0.000000  0.603  0.970 1.351  0.977230 0.212183 0.000000   -0.212183 0.977230 0.000000   0.000000 0.000000 1.000000  605  967  400  13  -1
a 0.065195  15.040147  0.000000  0.603  0.970 1.351  -0.681153 0.732141 0.000000   -0.732141 -0.681153 0.000000   0.000000 0.000000 1.000000  419  200  693  -1  -1
a 4.564437  15.620409  0.000000  0.603  0.970 1.351  0.634073 -0.773273 0.000000   0.773273 0.634073 0.000000   0.000000 0.000000 1.000000  183  241  688  903  710
a 14.119165  1.642772  0.000000  0.603  0.970 1.351  0.055483 -0.998460 0.000000   0.998460 0.055483 0.000000   0.000000 0.000000 1.000000  -1  717  720  487  -1
a 2.825266  27.343069  0.000000  0.603  0.970 1.351  0.709051 -0.705157 0.000000   0.705157 0.709051 0.000000   0.000000 0.000000 1.000000  421  914  997  66  390
a 28.554478  37.136266  0.000000  0.603  0.970 1.351  0.999633 -0.027087 0.000000   0.027087 0.999633 0.000000   0.000000 0.000000 1.000000  439  -1  219  982  175
a 25.721004  32.643838  0.000000  0.603  0.970 1.351  0.843595 0.536980 0.000000   -0.536980 0.843595 0.000000   0.000000 0.000000 1.000000  712  10  437  413  95
a 9.960409  11.906039  0.000000  0.603  0.970 1.351  0.256916 0.966434 0.000000   -0.966434 0.256916 0.000000   0.000000 0.000000 1.000000  461  -1  259  25  460
a 16.625884  36.207867  0.000000  0.603  0.970 1.351  0.980312 -0.197455 0.000000   0.197455 0.980312 0.000000   0.000000 0.000000 1.000000  490  -1  928  -1  754
a 26.416682  23.551569  0.000000  0.603  0.970 1.351  -0.179817 -0.983700 0.000000   0.983700 -0.179817 0.000000   0.000000 0.000000 1.000000  607  -1  -1  741  24
a 26.578052  31.761752  0.000000  0.603  0.970 1.351  0.938461 -0.345385 0.000000   0.345385 0.938461 0.000000   0.000000 0.000000 1.000000  197  525  91  413  -1
a 7.701464  21.367826  0.000000  0.603  0.970 1.351  0.371496 -0.928435 0.000000   0.928435 0.371496 0.000000   0.000000 0.000000 1.000000  -1  -1  286  464  311
a 34.749260  0.478555  0.000000  0.603  0.970 1.351  0.206466 0.978454 0.000000   -0.978454 0.206466 0.000000   0.000000 0.000000 1.000000  780  -1  922  -1  -1
a 30.606702  22.810800  0.000000  0.603  0.970 1.351  0.158024 0.987435 0.000000   -0.987435 0.158024 0.000000   0.000000 0.000000 1.000000  -1  101  838  -1  -1
a 5.644282  20.121758  0.000000  0.603  0.970 1.351  0.372567 -0.928005 0.000000   0.928005 0.372567 0.000000   0.000000 0.000000 1.000000  -1  311  12  714  -1
a 33.379039  17.919693  0.000000  0.603  0.970 1.351  0.236701 -0.971582 0.000000   0.971582 0.236701 0.000000   0.000000 0.000000 1.000000  368  292  415  452  803
a 29.427924  23.185556  0.000000  0.603  0.970 1.351  -0.995566 -0.094067 0.000000   0.094067 -0.995566 0.000000   0.000000 0.000000 1.000000  -1  -1  98  836  767
a 30.312651  5.804409  0.000000  0.603  0.970 1.351  0.992422 0.122878 0.000000   -0.122878 0.992422 0.000000   0.000000 0.000000 1.000000  -1  -1  700  931  -1
a 24.564760  15.390244  0.000000  0.603  0.970 1.351  -0.582290 -0.812981 0.000000   0.812981 -0.582290 0.000000   0.000000 0.000000 1.000000  63  389  927  427  880
a 36.246531  32.664472  0.000000  0.603  0.970 1.351  0.670482 -0.741926 0.000000   0.741926 0.670482 0.000000   0.000000 0.000000 1.000000  960  905  923  524  48
a 24.224371  31.734970  0.000000  0.603  0.970 1.351  0.988421 -0.151735 0.000000   0.151735 0.988421 0.000000   0.000000 0.000000 1.000000  413  437  364  189  363
a 14.101707  22.642586  0.000000  0.603  0.970 1.351  0.381445 0.924392 0.000000   -0.924392 0.381445 0.000000   0.000000 0.000000 1.000000  510  518  -1  538  402
a 12.474602  35.946059  0.000000  0.603  0.970 1.351  0.514010 -0.857784 0.000000   0.857784 0.514010 0.000000   0.000000 0.000000 1.000000  845  543  875  885  504
a 35.074500  37.104292  0.000000  0.603  0.970 1.351  -0.607731 0.794143 0.000000   -0.794143 -0.607731 0.000000   0.000000 0.000000 1.000000  -1  -1  336  980  418
a 17.546632  0.786838  0.000000  0.603  0.970 1.351  -0.994282 -0.106787 0.000000   0.106787 -0.994282 0.000000   0.000000 0.000000 1.000000  327  -1  345  -1  227
a 22.952466  36.183647  0.000000  0.603  0.970 1.351  0.976653 0.214824 0.000000   -0.214824 0.976653 0.000000   0.000000 0.000000 1.000000  149  -1  -1  532  711
a 24.141369  4.558376  0.000000  0.603  0.970 1.351  -0.278175 -0.960530 0.000000   0.960530 -0.278175 0.000000   0.000000 0.000000 1.000000  822  -1  841  261  423
a 31.472511  28.582962  0.000000  0.603  0.970 1.351  -0.914600 0.404360 0.000000   -0.404360 -0.914600 0.000000   0.000000 0.000000 1.000000  677  870  825  455  212
a 25.349120  36.191877  0.000000  0.603  0.970 1.351  0.986593 0.163202 0.000000   -0.163202 0.986593 0.000000   0.000000 0.000000 1.000000  -1  925  149  78  493
a 8.233983  32.581785  0.000000  0.603  0.970 1.351  0.027021 -0.999635 0.000000   0.999635 0.027021 0.000000   0.000000 0.000000 1.000000  734  745  -1  701  864
a 25.014450  21.979048  0.000000  0.603  0.970 1.351  -0.002605 0.999997 0.000000   -0.999997 -0.002605 0.000000   0.000000 0.000000 1.000000  24  196  435  937  -1
a 21.303298  14.565474  0.000000  0.603  0.970 1.351  0.346020 -0.938227 0.000000   0.938227 0.346020 0.000000   0.000000 0.000000 1.000000  -1  629  191  406  -1
a 23.614452  16.944621  0.000000  0.603  0.970 1.351  0.618409 0.785856 0.000000   -0.785856 0.618409 0.000000   0.000000 0.000000 1.000000  -1  -1  242  880  427
a 28.160205  11.046226  0.000000  0.603  0.970 1.351  -0.825926 -0.563778 0.000000   0.563778 -0.825926 0.000000   0.000000 0.000000 1.000000  359  218  669  -1  -1
a 11.583336  37.423406  0.000000  0.603  0.970 1.351  0.932469 -0.361249 0.000000   0.361249 0.932469 0.000000   0.000000 0.000000 1.000000  875  679  396  776  885
a 7.794150  19.624567  0.000000  0.603  0.970 1.351  -0.036185 -0.999345 0.000000   0.999345 -0.036185 0.000000   0.000000 0.000000 1.000000  273  654  126  311  747
a 6.149330  33.735019  0.000000  0.603  0.970 1.351  0.724702 -0.689062 0.000000   0.689062 0.724702 0.000000   0.000000 0.000000 1.000000  -1  666  -1  -1  -1
a 12.215073  9.471607  0.000000  0.603  0.970 1.351  0.991923 0.126838 0.000000   -0.126838 0.991923 0.000000   0.000000 0.000000 1.000000  733  367  781  -1  -1
a 1.459111  1.692443  0.000000  0.603  0.970 1.351  -0.785226 -0.619209 0.000000   0.619209 -0.785226 0.000000   0.000000 0.000000 1.000000  593  713  378  818  430
a 26.175132  5.734259  0.000000  0.603  0.970 1.351  -0.185365 -0.982670 0.000000   0.982670 -0.185365 0.000000   0.000000 0.000000 1.000000  -1  412  403  408  841
a 11.993024  8.285220  0.000000  0.603  0.970 1.351  0.548813 -0.835945 0.000000   0.835945 0.548813 0.000000   0.000000 0.000000 1.000000  366  -1  -1  869  598
a 8.612302  20.553698  0.000000  0.603  0.970 1.351  0.095435 0.995436 0.000000   -0.995436 0.095435 0.000000   0.000000 0.000000 1.000000  -1  -1  120  654  129
a 4.981311  35.755647  0.000000  0.603  0.970 1.351  -0.599462 0.800403 0.000000   -0.800403 -0.599462 0.000000   0.000000 0.000000 1.000000  612  -1  214  528  805
a 13.211933  30.633078  0.000000  0.603  0.970 1.351  0.640565 0.767904 0.000000   -0.767904 0.640565 0.000000   0.000000 0.000000 1.000000  705  853  243  325  546
a 9.788422  21.025408  0.000000  0.603  0.970 1.351  0.997686 -0.067993 0.000000   0.067993 0.997686 0.000000   0.000000 0.000000 1.000000  703  145  453  126  30
a 12.542568  11.992126  0.000000  0.603  0.970 1.351  -0.187482 -0.982268 0.000000   0.982268 -0.187482 0.000000   0.000000 0.000000 1.000000  367  515  687  707  -1
a 20.153867  3.456715  0.000000  0.603  0.970 1.351  -0.517099 0.855926 0.000000   -0.855926 -0.517099 0.000000   0.000000 0.000000 1.000000  635  550  555  772  888
a 21.700944  34.083616  0.000000  0.603  0.970 1.351  0.297600 -0.954691 0.000000   0.954691 0.297600 0.000000   0.000000 0.000000 1.000000  49  404  532  -1  -1
a 32.577020  12.252703  0.000000  0.603  0.970 1.351  0.814601 -0.580022 0.000000   0.580022 0.814601 0.000000   0.000000 0.000000 1.000000  156  676  178  143  239
a 37.103013  6.985306  0.000000  0.603  0.970 1.351  0.732038 0.681264 0.000000   -0.681264 0.732038 0.000000   0.000000 0.000000 1.000000  702  621  254  770  936
a 2.353206  20.900797  0.000000  0.603  0.970 1.351  0.020002 0.999800 0.000000   -0.999800 0.020002 0.000000   0.000000 0.000000 1.000000  774  -1  498  520  503
a 10.698920  15.193547  0.000000  0.603  0.970 1.351  -0.819836 0.572599 0.000000   -0.572599 -0.819836 0.000000   0.000000 0.000000 1.000000  -1  916  465  232  -1
a 26.187109  8.107236  0.000000  0.603  0.970 1.351  -0.436083 0.899906 0.000000   -0.899906 -0.436083 0.000000   0.000000 0.000000 1.000000  787  223  408  670  301
a 7.827419  10.663377  0.000000  0.603  0.970 1.351  0.684873 0.728662 0.000000   -0.728662 0.684873 0.000000   0.000000 0.000000 1.000000  -1  627  478  516  -1
a 32.667167  32.978159  0.000000  0.603  0.970 1.351  0.302647 -0.953103 0.000000   0.953103 0.302647 0.000000   0.000000 0.000000 1.000000  924  392  902  757  699
a 8.310184  29.059273  0.000000  0.603  0.970 1.351  -0.809041 0.587752 0.000000   -0.587752 -0.809041 0.000000   0.000000 0.000000 1.000000  589  6  673  649  837
a 28.565565  3.399942  0.000000  0.603  0.970 1.351  0.889501 0.456934 0.000000   -0.456934 0.889501 0.000000   0.000000 0.000000 1.000000  608  347  459  582  220
a 27.083398  25.567368  0.000000  0.603  0.970 1.351  0.992617 -0.121287 0.000000   0.121287 0.992617 0.000000   0.000000 0.000000 1.000000  233  944  31  741  939
a 31.406521  11.953712  0.000000  0.603  0.970 1.351  0.922317 0.386435 0.000000   -0.386435 0.922317 0.000000   0.000000 0.000000 1.000000  133  431  653  15  239
a 1.753780  31.823848  0.000000  0.603  0.970 1.351  0.835123 0.550063 0.000000   -0.550063 0.835123 0.000000   0.000000 0.000000 1.000000  150  181  417  308  501
a 9.964834  22.246733  0.000000  0.603  0.970 1.351  -0.959804 -0.280672 0.000000   0.280672 -0.959804 0.000000   0.000000 0.000000 1.000000  453  129  361  70  27
a 27.367792  1.359300  0.000000  0.603  0.970 1.351  0.938539 -0.345174 0.000000   0.345174 0.938539 0.000000   0.000000 0.000000 1.000000  549  582  -1  -1  -1
a 3.524950  2.865629  0.000000  0.603  0.970 1.351  0.997450 0.071364 0.000000   -0.071364 0.997450 0.000000   0.000000 0.000000 1.000000  370  151  932  378  900
a 15.616447  15.689417  0.000000  0.603  0.970 1.351  -0.995959 -0.089805 0.000000   0.089805 -0.995959 0.000000   0.000000 0.000000 1.000000  -1  -1  195  -1  84
a 24.120700  36.523923  0.000000  0.603  0.970 1.351  -0.698850 0.715268 0.000000   -0.715268 -0.698850 0.000000   0.000000 0.000000 1.000000  -1  110  78  113  766
a 2.621208  32.668686  0.000000  0.603  0.970 1.351  0.959285 0.282441 0.000000   -0.282441 0.959285 0.000000   0.000000 0.000000 1.000000  898  849  181  144  313
a 3.831024  4.082171  0.000000  0.603  0.970 1.351  -0.379044 0.925379 0.000000   -0.925379 -0.379044 0.000000   0.000000 0.000000 1.000000  537  932  147  370  846
a 2.483554  14.435163  0.000000  0.603  0.970 1.351  -0.968542 0.248852 0.000000   -0.248852 -0.968542 0.000000   0.000000 0.000000 1.000000  75  919  -1  710  79
a 17.790922  3.006005  0.000000  0.603  0.970 1.351  0.998925 -0.046359 0.000000   0.046359 0.998925 0.000000   0.000000 0.000000 1.000000  550  891  940  -1  157
a 27.135430  19.078322  0.000000  0.603  0.970 1.351  0.942195 -0.335064 0.000000   0.335064 0.942195 0.000000   0.000000 0.000000 1.000000  442  -1  596  576  158
a 10.020819  2.898497  0.000000  0.603  0.970 1.351  0.287911 -0.957657 0.000000   0.957657 0.287911 0.000000   0.000000 0.000000 1.000000  619  617  186  738  636
a 33.451161  11.383858  0.000000  0.603  0.970 1.351  0.977017 -0.213161 0.000000   0.213161 0.977017 0.000000   0.000000 0.000000 1.000000  440  274  133  239  205
a 18.304076  1.913655  0.000000  0.603  0.970 1.351  -0.976531 -0.215379 0.000000   0.215379 -0.976531 0.000000   0.000000 0.000000 1.000000  227  -1  215  550  153
a 26.854446  17.843600  0.000000  0.603  0.970 1.351  0.327687 -0.944786 0.000000   0.944786 0.327687 0.000000   0.000000 0.000000 1.000000  779  840  154  576  981
a 12.177164  24.889517  0.000000  0.603  0.970 1.351  0.456783 0.889578 0.000000   -0.889578 0.456783 0.000000   0.000000 0.000000 1.000000  751  9  769  -1  263
a 24.748772  1.956493  0.000000  0.603  0.970 1.351  -0.944641 -0.328105 0.000000   0.328105 -0.944641 0.000000   0.000000 0.000000 1.000000  -1  -1  645  -1  -1
a 36.944270  18.283844  0.000000  0.603  0.970 1.351  0.912801 -0.408405 0.000000   0.408405 0.912801 0.000000   0.000000 0.000000 1.000000  817  827  -1  -1  511
a 18.432837  16.346166  0.000000  0.603  0.970 1.351  0.955616 -0.294615 0.000000   0.294615 0.955616 0.000000   0.000000 0.000000 1.000000  -1  667  447  -1  -1
a 8.058439  35.278669  0.000000  0.603  0.970 1.351  -0.734568 0.678535 0.000000   -0.678535 -0.734568 0.000000   0.000000 0.000000 1.000000  -1  -1  -1  572  797
a 18.610724  30.722335  0.000000  0.603  0.970 1.351  0.264066 -0.964505 0.000000   0.964505 0.264066 0.000000   0.000000 0.000000 1.000000  240  231  32  682  620
a 20.876990  29.588805  0.000000  0.603  0.970 1.351  0.213508 0.976941 0.000000   -0.976941 0.213508 0.000000   0.000000 0.000000 1.000000  566  -1  811  302  -1
a 3.690756  28.945907  0.000000  0.603  0.970 1.351  -0.184906 -0.982756 0.000000   0.982756 -0.184906 0.000000   0.000000 0.000000 1.000000  -1  348  26  -1  997
a 7.910643  8.296022  0.000000  0.603  0.970 1.351  0.693307 -0.720642 0.000000   0.720642 0.693307 0.000000   0.000000 0.000000 1.000000  -1  405  516  539  489
a 20.270124  6.843103  0.000000  0.603  0.970 1.351  0.924548 -0.381065 0.000000   0.381065 0.924548 0.000000   0.000000 0.000000 1.000000  626  962  655  606  859
a 31.419581  14.317784  0.000000  0.603  0.970 1.351  -0.141016 0.990007 0.000000   -0.990007 -0.141016 0.000000   0.000000 0.000000 1.000000  989  401  431  178  209
a 29.754649  1.367675  0.000000  0.603  0.970 1.351  -0.389088 0.921201 0.000000   -0.921201 -0.389088 0.000000   0.000000 0.000000 1.000000  220  549  73  35  947
a 19.643998  32.831929  0.000000  0.603  0.970 1.351  -0.630095 0.776518 0.000000   -0.776518 -0.630095 0.000000   0.000000 0.000000 1.000000  865  -1  314  260  978
a 36.764278  9.859603  0.000000  0.603  0.970 1.351  0.597119 -0.802153 0.000000   0.802153 0.597119 0.000000   0.000000 0.000000 1.000000  295  575  269  601  397
a 14.197139  29.257106  0.000000  0.603  0.970 1.351  0.957620 0.288033 0.000000   -0.288033 0.957620 0.000000   0.000000 0.000000 1.000000  790  546  325  877  893
a 19.788899  27.504446  0.000000  0.603  0.970 1.351  0.326494 0.945199 0.000000   -0.945199 0.326494 0.000000   0.000000 0.000000 1.000000  811  547  739  560  33
a 28.916810  35.938239  0.000000  0.603  0.970 1.351  0.664722 -0.747090 0.000000   0.747090 0.664722 0.000000   0.000000 0.000000 1.000000  921  -1  90  982  809
a 32.697704  8.122932  0.000000  0.603  0.970 1.351  0.110617 -0.993863 0.000000   0.993863 0.110617 0.000000   0.000000 0.000000 1.000000  -1  -1  18  541  375
a 16.756511  37.511543  0.000000  0.603  0.970 1.351  -0.978946 -0.204119 0.000000   0.204119 -0.978946 0.000000   0.000000 0.000000 1.000000  928  -1  -1  -1  327
a 32.275184  13.462922  0.000000  0.603  0.970 1.351  0.428481 0.903551 0.000000   -0.903551 0.428481 0.000000   0.000000 0.000000 1.000000  209  169  431  133  676
a 28.573260  19.979112  0.000000  0.603  0.970 1.351  0.861514 0.507733 0.000000   -0.507733 0.861514 0.000000   0.000000 0.000000 1.000000  993  971  80  442  678
a 1.125387  7.002026  0.000000  0.603  0.970 1.351  0.392436 -0.919779 0.000000   0.919779 0.392436 0.000000   0.000000 0.000000 1.000000  473  282  821  702  936
a 1.430881  33.006675  0.000000  0.603  0.970 1.351  0.995523 -0.094524 0.000000   0.094524 0.995523 0.000000   0.000000 0.000000 1.000000  150  369  300  417  144
a 36.831436  24.102676  0.000000  0.603  0.970 1.351  0.998936 0.046124 0.000000   -0.046124 0.998936 0.000000   0.000000 0.000000 1.000000  506  316  756  950  625
a 5.433134  14.771750  0.000000  0.603  0.970 1.351  0.242979 0.970031 0.000000   -0.970031 0.242979 0.000000   0.000000 0.000000 1.000000  241  87  468  -1  956
a 27.755570  33.818059  0.000000  0.603  0.970 1.351  0.084533 0.996421 0.000000   -0.996421 0.084533 0.000000   0.000000 0.000000 1.000000  809  -1  -1  38  522
a 12.351736  2.927786  0.000000  0.603  0.970 1.351  -0.736999 0.675894 0.000000   -0.675894 -0.736999 0.000000   0.000000 0.000000 1.000000  470  617  556  487  866
a 10.327211  4.094892  0.000000  0.603  0.970 1.351  0.628110 0.778124 0.000000   -0.778124 0.628110 0.000000   0.000000 0.000000 1.000000  355  -1  738  155  470
a 16.509260  26.464529  0.000000  0.603  0.970 1.351  0.926764 -0.375644 0.000000   0.375644 0.926764 0.000000   0.000000 0.000000 1.000000  441  -1  -1  -1  34
a 35.665460  26.180929  0.000000  0.603  0.970 1.351  0.223781 0.974640 0.000000   -0.974640 0.223781 0.000000   0.000000 0.000000 1.000000  -1  595  750  756  571
a 22.981406  31.442481  0.000000  0.603  0.970 1.351  0.464027 -0.885821 0.000000   0.885821 0.464027 0.000000   0.000000 0.000000 1.000000  867  105  364  895  777
a 34.858431  18.825538  0.000000  0.603  0.970 1.351  0.945198 0.326498 0.000000   -0.326498 0.945198 0.000000   0.000000 0.000000 1.000000  634  521  415  -1  287
a 21.498860  15.773978  0.000000  0.603  0.970 1.351  -0.999572 -0.029242 0.000000   0.029242 -0.999572 0.000000   0.000000 0.000000 1.000000  -1  116  629  242  -1
a 21.693097  0.495626  0.000000  0.603  0.970 1.351  0.960272 0.279064 0.000000   -0.279064 0.960272 0.000000   0.000000 0.000000 1.000000  641  758  388  -1  2
a 10.445026  31.688119  0.000000  0.603  0.970 1.351  0.210364 -0.977623 0.000000   0.977623 0.210364 0.000000   0.000000 0.000000 1.000000  310  491  -1  745  210
a 1.201717  18.865887  0.000000  0.603  0.970 1.351  0.972666 0.232209 0.000000   -0.232209 0.972666 0.000000   0.000000 0.000000 1.000000  303  498  827  817  587
a 16.578752  14.903964  0.000000  0.603  0.970 1.351  0.342770 -0.939419 0.000000   0.939419 0.342770 0.000000   0.000000 0.000000 1.000000  -1  -1  71  148  -1
a 23.766092  22.322546  0.000000  0.603  0.970 1.351  0.333737 0.942666 0.000000   -0.942666 0.333737 0.000000   0.000000 0.000000 1.000000  785  -1  696  435  115
a 27.730191  31.395918  0.000000  0.603  0.970 1.351  -0.444149 -0.895953 0.000000   0.895953 -0.444149 0.000000   0.000000 0.000000 1.000000  551  474  917  525  95
a 32.680223  26.468793  0.000000  0.603  0.970 1.351  -0.064543 0.997915 0.000000   -0.997915 -0.064543 0.000000   0.000000 0.000000 1.000000  825  58  580  -1  -1
a 36.191666  28.583189  0.000000  0.603  0.970 1.351  -0.238886 -0.971048 0.000000   0.971048 -0.238886 0.000000   0.000000 0.000000 1.000000  445  628  349  929  813
a 36.717276  14.654178  0.000000  0.603  0.970 1.351  0.230712 0.973022 0.000000   -0.973022 0.230712 0.000000   0.000000 0.000000 1.000000  419  726  545  623  86
a 31.813504  23.187890  0.000000  0.603  0.970 1.351  0.812650 0.582752 0.000000   -0.582752 0.812650 0.000000   0.000000 0.000000 1.000000  961  553  -1  475  481
a 5.420390  17.135091  0.000000  0.603  0.970 1.351  0.966701 -0.255908 0.000000   0.255908 0.966701 0.000000   0.000000 0.000000 1.000000  788  613  574  688  241
a 15.479015  3.728599  0.000000  0.603  0.970 1.351  -0.237108 -0.971483 0.000000   0.971483 -0.237108 0.000000   0.000000 0.000000 1.000000  -1  -1  288  804  -1
a 12.011501  6.455139  0.000000  0.603  0.970 1.351  0.943734 -0.330705 0.000000   0.330705 0.943734 0.000000   0.000000 0.000000 1.000000  600  366  598  476  -1
a 33.827126  10.228216  0.000000  0.603  0.970 1.351  0.782214 0.623009 0.000000   -0.623009 0.782214 0.000000   0.000000 0.000000 1.000000  -1  156  275  18  387
a 30.945868  34.742001  0.000000  0.603  0.970 1.351  0.073387 0.997304 0.000000   -0.997304 0.073387 0.000000   0.000000 0.000000 1.000000  -1  921  829  -1  671
a 15.250600  11.494161  0.000000  0.603  0.970 1.351  -0.707409 -0.706805 0.000000   0.706805 -0.707409 0.000000   0.000000 0.000000 1.000000  497  952  698  42  523
a 30.624221  4.637746  0.000000  0.603  0.970 1.351  -0.703043 -0.711147 0.000000   0.711147 -0.703043 0.000000   0.000000 0.000000 1.000000  608  569  -1  -1  931
a 32.584530  14.695504  0.000000  0.603  0.970 1.351  0.893732 -0.448601 0.000000   0.448601 0.893732 0.000000   0.000000 0.000000 1.000000  977  262  353  169  178
a 9.240529  31.276277  0.000000  0.603  0.970 1.351  0.995697 0.092664 0.000000   -0.092664 0.995697 0.000000   0.000000 0.000000 1.000000  193  745  -1  837  216
a 29.225591  17.918951  0.000000  0.603  0.970 1.351  0.529611 0.848241 0.000000   -0.848241 0.529611 0.000000   0.000000 0.000000 1.000000  -1  442  840  -1  502
a 31.844243  29.742201  0.000000  0.603  0.970 1.351  0.795031 -0.606568 0.000000   0.606568 0.795031 0.000000   0.000000 0.000000 1.000000  455  815  362  236  112
a 1.323699  12.366999  0.000000  0.603  0.970 1.351  0.961837 0.273624 0.000000   -0.273624 0.961837 0.000000   0.000000 0.000000 1.000000  21  919  941  896  954
a 5.243323  34.560031  0.000000  0.603  0.970 1.351  -0.439374 -0.898304 0.000000   0.898304 -0.439374 0.000000   0.000000 0.000000 1.000000  -1  -1  -1  127  -1
a 19.367030  1.270227  0.000000  0.603  0.970 1.351  0.401875 0.915694 0.000000   -0.915694 0.401875 0.000000   0.000000 0.000000 1.000000  555  157  -1  318  388
a 9.690853  30.022825  0.000000  0.603  0.970 1.351  -0.998714 0.050691 0.000000   -0.050691 -0.998714 0.000000   0.000000 0.000000 1.000000  837  649  562  310  210
a 33.011913  35.860245  0.000000  0.603  0.970 1.351  0.946490 0.322734 0.000000   -0.322734 0.946490 0.000000   0.000000 0.000000 1.000000  753  558  72  671  854
a 28.516407  9.841310  0.000000  0.603  0.970 1.351  -0.998992 0.044892 0.000000   -0.044892 -0.998992 0.000000   0.000000 0.000000 1.000000  359  768  599  669  118
a 27.699885  0.193685  0.000000  0.603  0.970 1.351  -0.064616 0.997910 0.000000   -0.997910 -0.064616 0.000000   0.000000 0.000000 1.000000  -1  -1  296  90  -1
a 29.456938  2.554688  0.000000  0.603  0.970 1.351  0.182420 -0.983221 0.000000   0.983221 0.182420 0.000000   0.000000 0.000000 1.000000  170  947  608  141  582
a 14.068694  18.164043  0.000000  0.603  0.970 1.351  -0.934883 -0.354955 0.000000   0.354955 -0.934883 0.000000   0.000000 0.000000 1.000000  496  422  573  -1  -1
a 9.888334  23.997335  0.000000  0.603  0.970 1.351  -0.032848 0.999460 0.000000   -0.999460 -0.032848 0.000000   0.000000 0.000000 1.000000  338  974  27  70  -1
a 25.017352  7.777752  0.000000  0.603  0.970 1.351  -0.054008 0.998541 0.000000   -0.998541 -0.054008 0.000000   0.000000 0.000000 1.000000  784  681  7  408  137
a 17.388380  7.471827  0.000000  0.603  0.970 1.351  -0.853143 0.521676 0.000000   -0.521676 -0.853143 0.000000   0.000000 0.000000 1.000000  381  28  281  0  583
a 34.746768  6.942665  0.000000  0.603  0.970 1.351  0.831851 0.554999 0.000000   -0.554999 0.831851 0.000000   0.000000 0.000000 1.000000  632  611  862  -1  -1
a 25.955113  3.207883  0.000000  0.603  0.970 1.351  -0.068704 -0.997637 0.000000   0.997637 -0.068704 0.000000   0.000000 0.000000 1.000000  645  434  -1  683  271
a 17.079678  1.909087  0.000000  0.603  0.970 1.351  -0.745704 -0.666277 0.000000   0.666277 -0.745704 0.000000   0.000000 0.000000 1.000000  327  109  157  -1  272
a 32.686431  3.422291  0.000000  0.603  0.970 1.351  -0.536606 -0.843833 0.000000   0.843833 -0.536606 0.000000   0.000000 0.000000 1.000000  860  268  -1  -1  -1
a 16.068393  18.954147  0.000000  0.603  0.970 1.351  0.694212 -0.719771 0.000000   0.719771 0.694212 0.000000   0.000000 0.000000 1.000000  685  764  640  651  573
a 30.656462  8.679621  0.000000  0.603  0.970 1.351  0.677390 -0.735624 0.000000   0.735624 0.677390 0.000000   0.000000 0.000000 1.000000  375  541  771  599  -1
a 19.815459  30.404483  0.000000  0.603  0.970 1.351  0.974041 0.226372 0.000000   -0.226372 0.974041 0.000000   0.000000 0.000000 1.000000  566  314  164  240  -1
a 11.889286  14.979511  0.000000  0.603  0.970 1.351  -0.025570 0.999673 0.000000   -0.999673 -0.025570 0.000000   0.000000 0.000000 1.000000  -1  136  465  789  77
a 28.265856  25.233949  0.000000  0.603  0.970 1.351  0.118902 0.992906 0.000000   -0.992906 0.118902 0.000000   0.000000 0.000000 1.000000  340  142  -1  -1  391
a 0.194511  26.157966  0.000000  0.603  0.970 1.351  0.987312 0.158794 0.000000   -0.158794 0.987312 0.000000   0.000000 0.000000 1.000000  526  333  571  316  -1
a 11.387314  11.067501  0.000000  0.603  0.970 1.351  0.755569 0.655069 0.000000   -0.655069 0.755569 0.000000   0.000000 0.000000 1.000000  -1  460  25  781  367
a 30.654041  29.991291  0.000000  0.603  0.970 1.351  0.928511 -0.371306 0.000000   0.371306 0.928511 0.000000   0.000000 0.000000 1.000000  212  362  -1  450  677
a 30.652645  18.731433  0.000000  0.603  0.970 1.351  0.740121 -0.672474 0.000000   0.672474 0.740121 0.000000   0.000000 0.000000 1.000000  856  46  60  678  502
a 6.370701  7.341103  0.000000  0.603  0.970 1.351  0.999804 0.019812 0.000000   -0.019812 0.999804 0.000000   0.000000 0.000000 1.000000  489  539  23  890  290
a 32.245214  11.082273  0.000000  0.603  0.970 1.351  0.263286 0.964718 0.000000   -0.964718 0.263286 0.000000   0.000000 0.000000 1.000000  133  143  76  275  156
a 18.953715  29.546785  0.000000  0.603  0.970 1.351  0.818130 0.575033 0.000000   -0.575033 0.818130 0.000000   0.000000 0.000000 1.000000  231  164  620  547  811
a 5.760442  15.941932  0.000000  0.603  0.970 1.351  0.899369 -0.437191 0.000000   0.437191 0.899369 0.000000   0.000000 0.000000 1.000000  -1  788  202  87  183
a 22.424511  16.595175  0.000000  0.603  0.970 1.351  -0.568961 -0.822364 0.000000   0.822364 -0.568961 0.000000   0.000000 0.000000 1.000000  191  880  117  -1  -1
