1000
13.147679 13.147679 13.147679           Press: 5.911542
a 3.364434  3.441935  12.469378  1.000000  0.381489  0.467099  -0.797675  -0.916282  0.077161  -0.393030  -0.122034  0.880832  0.457431
a 11.448516  11.359059  2.712669  1.000000  -0.433104  -0.065342  -0.898972  -0.780900  0.525286  0.338039  0.450129  0.848413  -0.278529
a 7.911427  4.041800  6.107097  1.000000  -0.488904  0.774451  0.401496  0.055524  -0.431693  0.900310  0.870569  0.462458  0.168055
a 11.857509  5.758344  5.720322  1.000000  0.988179  -0.093109  -0.121794  -0.152319  -0.506246  -0.848831  0.017376  0.857348  -0.514444
a 4.207309  1.095776  8.728172  1.000000  -0.201824  0.974155  -0.101432  -0.233548  0.052708  0.970916  0.951169  0.219643  0.216874
a 8.219776  4.404697  3.298195  1.000000  0.932190  0.299240  -0.203659  -0.359189  0.834320  -0.418202  0.044774  0.462995  0.885229
a 3.684295  6.741023  6.114560  1.000000  0.956995  0.279061  -0.079278  -0.141456  0.687460  0.712312  0.253279  -0.670465  0.697371
a 0.469066  11.899466  4.915159  1.000000  0.913818  -0.277762  0.296284  -0.128965  -0.890250  -0.436833  0.385102  0.360975  -0.849349
a 12.221730  3.424429  0.168321  1.000000  0.808861  0.587459  0.025216  -0.317012  0.399566  0.860146  0.495225  -0.703732  0.509425
a 6.908973  3.349387  11.554199  1.000000  0.037473  -0.966090  0.255471  -0.708480  -0.205977  -0.675003  0.704735  -0.155701  -0.692175
a 12.958326  6.929150  8.767542  1.000000  0.585529  0.654126  0.478826  0.614046  -0.743513  0.264833  0.529247  0.138954  -0.837012
a 6.078551  8.316317  1.193460  1.000000  -0.369522  0.390837  -0.843030  0.265919  -0.824822  -0.498955  -0.890360  -0.408553  0.200859
a 10.652063  6.586547  2.197610  1.000000  -0.482691  -0.840827  0.244989  0.408530  0.031264  0.912209  -0.774669  0.540401  0.328412
a 8.462953  9.053633  2.913454  1.000000  -0.938225  0.309157  0.155422  0.324751  0.941784  0.087057  -0.119459  0.132153  -0.984005
a 2.350256  4.773372  1.439388  1.000000  0.190991  0.226985  -0.954987  0.879001  0.393479  0.269318  0.436899  -0.890871  -0.124369
a 9.810548  10.201647  12.661098  1.000000  0.351933  0.531823  -0.770264  -0.690318  0.703219  0.170127  0.632142  0.471854  0.614613
a 1.320580  12.886815  4.391010  1.000000  0.333104  0.134545  -0.933241  0.841674  -0.488561  0.229985  -0.425002  -0.862094  -0.275984
a 9.193976  3.594675  6.301322  1.000000  -0.102227  0.952067  -0.288303  -0.050026  -0.294375  -0.954380  -0.993502  -0.083141  0.077721
a 2.955163  0.996703  3.340031  1.000000  -0.701594  0.164215  0.693397  0.493494  0.813928  0.306569  -0.514032  0.557274  -0.652086
a 12.209750  2.397765  3.706286  1.000000  -0.784587  0.165527  0.597514  0.269996  -0.776319  0.569588  0.558144  0.608218  0.564399
a 2.660137  10.583180  5.760874  1.000000  -0.353008  -0.606419  0.712490  -0.894896  0.441066  -0.067980  -0.273031  -0.661602  -0.698382
a 11.733168  2.854476  9.469121  1.000000  -0.819403  0.405454  0.405200  0.193842  -0.469246  0.861530  0.539449  0.784484  0.305907
a 12.294180  4.421352  9.019728  1.000000  0.890210  -0.317813  -0.326375  0.443882  0.766257  0.464563  0.102443  -0.558431  0.823201
a 7.282013  4.107875  9.463557  1.000000  0.920952  0.321657  0.219964  -0.369542  0.900017  0.231103  -0.123636  -0.294121  0.947738
a 6.915530  9.609551  4.486560  1.000000  0.634259  0.106535  -0.765745  -0.570091  -0.604576  -0.556312  -0.522218  0.789391  -0.322723
a 0.337660  1.831113  1.400811  1.000000  -0.844756  -0.499025  -0.193290  0.220203  0.005059  -0.975441  0.487747  -0.866573  0.105613
a 0.987647  11.294106  12.851909  1.000000  -0.082276  0.600368  0.795480  0.649490  -0.573105  0.499713  0.755906  0.557771  -0.342780
a 8.314145  3.729364  10.963052  1.000000  0.870741  -0.472280  0.136977  0.071430  0.397076  0.915002  -0.486527  -0.786945  0.379485
a 6.975751  2.777942  10.276535  1.000000  0.079814  0.931614  -0.354577  -0.964590  -0.017525  -0.263171  -0.251388  0.363026  0.897227
a 0.361327  5.924313  5.195486  1.000000  -0.356863  -0.451539  0.817778  -0.786457  -0.327197  -0.523858  0.504117  -0.830093  -0.238351
a 3.953881  4.779863  12.344087  1.000000  0.972301  0.141475  0.186051  0.071554  -0.937957  0.339289  0.222509  -0.316578  -0.922100
a 11.004158  3.348921  10.955028  1.000000  0.658822  -0.686443  0.307814  0.466419  0.693741  0.548796  -0.590260  -0.217989  0.777222
a 7.508620  12.097636  7.399920  1.000000  -0.822715  0.464520  0.327658  -0.454753  -0.191969  -0.869682  -0.341085  -0.864505  0.369178
a 12.027024  4.113394  1.918070  1.000000  -0.351171  0.889238  -0.293146  0.906344  0.401417  0.131926  0.234987  -0.219362  -0.946922
a 11.726258  12.853588  9.872918  1.000000  -0.052296  0.808347  -0.586380  0.395484  -0.522410  -0.755433  -0.916983  -0.271410  -0.292369
a 8.133894  6.470266  7.585087  1.000000  -0.709547  -0.689648  0.144667  -0.534246  0.392625  -0.748617  0.459482  -0.608467  -0.647027
a 12.486483  11.122654  3.451320  1.000000  -0.896286  0.107487  -0.430253  0.323306  0.822446  -0.468034  0.303552  -0.558596  -0.771898
a 4.006929  9.018946  3.979738  1.000000  -0.786135  -0.573627  -0.230093  -0.008703  0.382523  -0.923905  0.617993  -0.724312  -0.305707
a 6.387003  10.415901  3.200106  1.000000  -0.765421  -0.624182  0.156614  -0.008263  0.252879  0.967463  -0.643477  0.739222  -0.198716
a 9.058190  4.062734  12.063140  1.000000  -0.337000  -0.782802  0.523117  0.003436  0.554592  0.832115  -0.941499  0.282220  -0.184207
a 10.437463  13.080725  12.787888  1.000000  -0.000065  -0.509790  0.860299  0.172477  -0.847412  -0.502140  0.985014  0.148349  0.087982
a 5.891971  3.133277  11.088743  1.000000  0.094453  0.903009  -0.419111  -0.715482  0.354301  0.602126  0.692217  0.242994  0.679551
a 10.857344  2.082063  6.461608  1.000000  0.570340  0.821123  0.021661  0.098383  -0.042107  -0.994257  -0.815495  0.569196  -0.104800
a 7.754482  7.256801  8.306401  1.000000  -0.673600  0.159272  -0.721731  0.518516  -0.594038  -0.615029  -0.526692  -0.788512  0.317559
a 2.290142  4.383290  10.041202  1.000000  -0.757852  -0.589471  0.279613  0.341375  -0.723500  -0.600010  0.555988  -0.359266  0.749537
a 7.367092  6.830708  6.260373  1.000000  0.480124  -0.549750  0.683562  0.631499  0.757477  0.165640  -0.608843  0.352141  0.710849
a 5.455071  5.524336  0.823584  1.000000  -0.644601  0.722063  0.251226  0.211209  0.484008  -0.849192  -0.734766  -0.494329  -0.464498
a 0.760175  5.195896  3.608803  1.000000  0.787024  -0.614978  -0.048936  -0.607911  -0.759576  -0.231275  0.105058  0.211767  -0.971657
a 6.205849  6.624822  10.790011  1.000000  -0.603200  0.454161  0.655658  -0.728435  0.021128  -0.684789  -0.324857  -0.890669  0.318083
a 3.378590  8.866027  7.946007  1.000000  0.293086  -0.285798  -0.912371  -0.226020  0.906517  -0.356570  0.928986  0.310720  0.201091
a 7.428794  8.147519  3.127770  1.000000  -0.698482  -0.162813  -0.696861  -0.322842  -0.797363  0.509888  -0.638667  0.581124  0.504380
a 7.492621  0.631943  1.302495  1.000000  0.095241  0.993711  -0.058880  0.343569  -0.088328  -0.934964  -0.934286  0.068818  -0.349821
a 7.509806  7.251256  0.170772  1.000000  0.308476  0.677792  -0.667414  -0.774884  -0.227899  -0.589590  -0.551722  0.699043  0.454909
a 7.028340  0.552993  6.776509  1.000000  0.828678  -0.286388  -0.480910  -0.142143  0.723348  -0.675695  0.541376  0.628291  0.558714
a 5.008465  9.497731  5.290183  1.000000  0.532967  0.240049  -0.811371  0.782696  -0.504166  0.364971  -0.321454  -0.829574  -0.456589
a 7.034690  6.652084  3.397831  1.000000  -0.432306  0.276848  0.858176  -0.734586  0.443827  -0.513227  -0.522967  -0.852275  0.011500
a 10.061312  3.938803  3.017179  1.000000  0.039121  0.788854  -0.613334  0.935930  -0.243928  -0.254036  -0.350006  -0.564100  -0.747855
a 9.521486  8.766099  10.020687  1.000000  0.720211  -0.383729  0.577969  -0.672115  -0.592393  0.444221  0.171924  -0.708395  -0.684558
a 2.688345  10.308001  12.613346  1.000000  0.224040  -0.491802  0.841390  -0.372655  0.754499  0.540241  -0.900519  -0.434584  -0.014234
a 0.619224  0.244995  12.728919  1.000000  0.559420  -0.746183  -0.360916  -0.693683  -0.659800  0.288908  -0.453711  0.088741  -0.886720
a 2.031277  1.064309  4.186496  1.000000  -0.241223  0.915458  0.322100  -0.702981  -0.393646  0.592335  0.669051  -0.083545  0.738506
a 11.295887  3.410413  8.368112  1.000000  0.477871  -0.676003  -0.560946  -0.841505  -0.535490  -0.071553  -0.252011  0.506232  -0.824755
a 11.451105  8.048625  0.453037  1.000000  0.244072  -0.934316  0.259772  -0.341575  0.167880  0.924739  -0.907610  -0.314435  -0.278164
a 7.292879  13.090384  11.277553  1.000000  0.635417  0.558450  -0.533272  -0.701218  0.706498  -0.095678  0.323324  0.434736  0.840516
a 2.245532  7.967689  7.621793  1.000000  0.542729  -0.792579  -0.277962  -0.504149  -0.042718  -0.862560  0.671773  0.608271  -0.422762
a 10.658657  0.505136  8.896414  1.000000  -0.178009  0.343230  -0.922229  -0.566651  0.730457  0.381233  0.804499  0.590445  0.064463
a 11.005341  7.182934  3.527633  1.000000  0.642299  -0.201040  -0.739618  0.309052  -0.815128  0.489952  -0.701384  -0.543276  -0.461424
a 5.616704  8.924230  9.668125  1.000000  -0.319891  0.074235  -0.944542  -0.634796  -0.756870  0.155503  -0.703352  0.649335  0.289240
a 7.464483  10.598797  2.180038  1.000000  -0.526384  -0.731388  -0.433580  0.292554  -0.634609  0.715321  -0.798330  0.249688  0.548019
a 6.132776  11.945614  3.902044  1.000000  -0.544291  -0.838478  -0.026494  -0.493310  0.294364  0.818532  -0.678522  0.458590  -0.573849
a 8.387078  5.519496  11.736009  1.000000  0.570457  0.787014  -0.234921  0.639943  -0.605196  -0.473509  -0.514831  0.119781  -0.848882
a 8.569997  10.481735  1.912346  1.000000  -0.855781  0.312671  0.412160  -0.368441  0.190915  -0.909837  -0.363167  -0.930478  -0.048181
a 3.896384  11.316049  6.403232  1.000000  -0.521301  0.118931  0.845045  -0.769315  0.363061  -0.525681  -0.369322  -0.924144  -0.097769
a 3.343676  4.087933  5.715430  1.000000  0.221135  -0.486932  0.844983  -0.148001  0.839642  0.522586  -0.963948  -0.240621  0.113608
a 10.818169  10.344046  6.653177  1.000000  0.819944  -0.255769  -0.512126  -0.556037  -0.568502  -0.606323  -0.136066  0.781913  -0.608357
a 7.498721  4.495471  12.327341  1.000000  0.967089  -0.115155  -0.226888  -0.231131  -0.024753  -0.972608  0.106385  0.993039  -0.050554
a 5.999942  8.668557  4.370737  1.000000  0.784587  0.619590  -0.023050  0.481640  -0.585647  0.651951  0.390443  -0.522614  -0.757911
a 4.052022  10.292541  4.856672  1.000000  0.222731  0.250922  -0.942034  0.453421  0.828766  0.327957  0.863018  -0.500184  0.070819
a 10.279989  7.079922  0.602390  1.000000  -0.902556  0.222805  -0.368444  0.111796  0.947623  0.299186  0.415806  0.228842  -0.880191
a 0.804558  0.409127  0.739209  1.000000  -0.443327  -0.858132  0.258980  0.843247  -0.497249  -0.204151  0.303966  0.127879  0.944061
a 8.588998  7.605737  9.295494  1.000000  -0.880182  0.322730  0.348029  0.453652  0.356410  0.816805  0.139566  0.876822  -0.460113
a 6.761184  0.952204  11.944688  1.000000  0.807499  0.485632  0.334824  0.586157  -0.724196  -0.363262  0.066067  0.489593  -0.869445
a 10.285059  10.796009  11.762984  1.000000  -0.692299  -0.616080  -0.375724  -0.709848  0.675048  0.201062  0.129761  0.405902  -0.904658
a 4.790297  0.727835  4.717261  1.000000  -0.778803  -0.417336  -0.468291  0.610132  -0.677313  -0.411080  -0.145621  -0.605869  0.782123
a 12.980726  3.935667  5.496880  1.000000  -0.320361  -0.603491  -0.730183  0.916484  -0.392443  -0.077748  -0.239635  -0.694109  0.678814
a 10.365622  12.552006  8.193290  1.000000  0.306320  0.279387  -0.910006  0.894601  -0.411223  0.174882  -0.325356  -0.867663  -0.375906
a 2.609979  10.312482  9.824176  1.000000  0.749053  -0.243946  -0.615963  0.620628  0.583705  0.523555  0.231821  -0.774454  0.588625
a 7.463321  7.443046  10.158929  1.000000  -0.441070  0.306733  -0.843429  -0.801015  -0.558389  0.215818  -0.404763  0.770790  0.491986
a 8.976716  2.691490  2.583720  1.000000  -0.804576  -0.172489  0.568248  0.401604  -0.862936  0.306686  0.437461  0.474963  0.763569
a 9.198443  2.687084  9.041652  1.000000  -0.910424  0.223921  0.347832  0.058972  0.902498  -0.426638  -0.409451  -0.367909  -0.834861
a 2.006905  5.277099  10.794074  1.000000  0.506139  -0.101613  0.856445  0.523741  -0.752749  -0.398829  0.685214  0.650418  -0.327777
a 9.569473  0.890414  0.333210  1.000000  0.006706  -0.391990  0.919945  0.178377  0.905680  0.384611  -0.983939  0.161518  0.075995
a 3.102480  12.529147  3.950757  1.000000  0.372496  -0.217685  -0.902142  0.759343  -0.487362  0.431134  -0.533521  -0.845631  -0.016243
a 3.793074  6.149994  7.396567  1.000000  0.920452  0.348962  0.176052  0.050078  0.341422  -0.938575  -0.387635  0.872729  0.296787
a 12.269651  2.987237  10.946616  1.000000  -0.605947  0.723168  -0.331447  -0.027962  0.397031  0.917379  0.795014  0.565151  -0.220358
a 6.687977  2.006322  0.906127  1.000000  0.626025  -0.343602  -0.700022  0.713634  -0.109442  0.691917  -0.314356  -0.932716  0.176693
a 12.689365  5.112778  4.918811  1.000000  0.511510  -0.511584  -0.690391  0.134575  -0.745846  0.652383  -0.848674  -0.426610  -0.312661
a 10.539077  0.183287  6.965762  1.000000  0.827068  0.556759  -0.077316  0.472105  -0.762700  -0.442046  -0.305082  0.329100  -0.893654
a 5.936835  1.397990  5.364975  1.000000  0.800986  -0.474529  0.365026  -0.390937  0.047202  0.919206  -0.453420  -0.878973  -0.147702
a 3.728631  8.021775  0.530716  1.000000  0.439502  -0.539651  0.718063  -0.461743  0.549966  0.695938  -0.770474  -0.637427  -0.007469
a 9.948026  12.787523  3.979098  1.000000  -0.428711  0.867215  0.253268  -0.598639  -0.482642  0.639287  0.676637  0.122453  0.726063
a 1.590724  4.286571  12.923866  1.000000  0.395215  -0.324573  -0.859336  0.396491  -0.783589  0.478313  -0.828613  -0.529755  -0.180995
a 5.550985  3.876638  4.786899  1.000000  -0.525608  -0.747098  -0.406915  -0.684353  0.655452  -0.319441  0.505367  0.110573  -0.855791
a 0.322452  8.062999  2.333916  1.000000  -0.628135  -0.449462  -0.635162  -0.506518  -0.383465  0.772266  -0.590666  0.806808  0.013208
a 8.191213  7.661226  6.647231  1.000000  -0.032283  0.103350  -0.994121  0.559797  0.825861  0.067679  0.828001  -0.554321  -0.084516
a 6.229804  0.132325  0.055556  1.000000  -0.070450  0.915930  -0.395107  -0.918714  -0.213878  -0.331997  -0.388590  0.339601  0.856545
a 4.252850  3.299496  7.269490  1.000000  -0.955642  -0.283634  -0.079371  -0.192548  0.805556  -0.560361  0.222875  -0.520222  -0.824436
a 5.306056  0.165998  9.046117  1.000000  -0.880072  -0.113252  -0.461137  -0.007218  0.974220  -0.225486  0.474785  -0.195116  -0.858201
a 8.306129  11.966996  6.078439  1.000000  0.726437  -0.611458  0.313702  -0.683371  -0.594380  0.423929  -0.072757  -0.522333  -0.849632
a 8.493114  1.496760  0.225622  1.000000  0.299221  0.510645  -0.806045  -0.931411  0.339766  -0.130511  0.207221  0.789810  0.577286
a 5.668307  9.892978  0.278024  1.000000  -0.273877  -0.961155  0.034231  0.918102  -0.250676  0.307002  -0.286495  0.115508  0.951093
a 9.462483  1.235239  9.295437  1.000000  -0.486787  0.469725  0.736476  0.241157  0.882612  -0.403533  -0.839572  -0.018828  -0.542922
a 0.938954  8.710905  11.372746  1.000000  0.454936  -0.609160  0.649582  0.790057  0.612666  0.021224  -0.410905  0.503552  0.759995
a 9.983491  7.950363  5.892394  1.000000  0.054001  0.429055  0.901663  0.493687  -0.796370  0.349384  0.867962  0.426272  -0.254823
a 5.345734  4.824916  9.160268  1.000000  -0.466854  0.795210  -0.386895  0.622882  -0.014869  -0.782175  -0.627746  -0.606151  -0.488380
a 1.335551  2.423125  1.789241  1.000000  0.525457  -0.686350  0.502810  -0.276318  0.421274  0.863815  -0.804701  -0.592833  0.031711
a 7.718737  5.560424  0.003635  1.000000  0.800820  -0.598193  0.029215  -0.233562  -0.356852  -0.904492  0.551486  0.717511  -0.425490
a 11.470711  12.718022  3.785162  1.000000  -0.513466  -0.700183  0.496081  -0.853418  0.356306  -0.380427  0.089612  -0.618700  -0.780500
a 6.087695  0.807039  1.165069  1.000000  -0.294895  -0.925776  0.236592  0.831188  -0.370670  -0.414402  0.471341  0.074448  0.878803
a 10.988561  0.594933  11.930452  1.000000  -0.309874  0.821792  0.478158  -0.107837  -0.530046  0.841084  0.944642  0.209067  0.252867
a 1.754403  10.278934  10.559206  1.000000  -0.781947  0.206385  0.588187  0.204984  -0.805982  0.555315  0.588677  0.554796  0.587929
a 11.027087  0.197638  4.687926  1.000000  -0.347768  0.550831  0.758711  -0.679184  0.409856  -0.608874  -0.646349  -0.727051  0.231580
a 0.817173  2.879026  2.859797  1.000000  0.112513  0.866297  0.486694  0.719419  -0.408879  0.561475  0.685403  0.286964  -0.669235
a 2.201472  11.285752  6.967924  1.000000  0.201249  0.693549  -0.691729  -0.106544  -0.686488  -0.719293  -0.973728  0.218457  -0.064261
a 4.960746  3.872596  5.948202  1.000000  0.215493  -0.954064  -0.208145  0.053466  -0.201306  0.978068  -0.975041  -0.221895  0.007630
a 4.587397  5.074913  4.507772  1.000000  0.350970  0.866858  -0.354086  -0.342321  0.470746  0.813151  0.871571  -0.164180  0.461962
a 7.584351  5.229147  8.716002  1.000000  0.884950  0.240510  0.398771  0.219860  0.539085  -0.813049  -0.410518  0.807181  0.424185
a 3.052611  2.043494  6.480566  1.000000  0.091293  0.202562  0.975005  -0.220683  0.958864  -0.178545  -0.971064  -0.198867  0.132239
a 2.074035  7.496726  11.091289  1.000000  -0.127659  -0.255920  0.958232  0.804139  0.538832  0.251039  -0.580571  0.802599  0.137008
a 1.465856  6.074937  5.616835  1.000000  0.338954  0.445310  -0.828739  -0.672644  0.730585  0.117457  0.657769  0.517634  0.547170
a 2.170198  6.166682  7.417337  1.000000  0.529404  -0.709398  -0.465280  0.130837  0.610150  -0.781408  0.838220  0.352805  0.415832
a 10.644986  3.160534  4.301801  1.000000  -0.490045  -0.721020  -0.489883  0.842438  -0.247351  -0.478660  0.223951  -0.647261  0.728628
a 11.696328  4.215374  10.078742  1.000000  0.509884  0.179350  -0.841339  0.586315  0.643220  0.492446  0.629486  -0.744380  0.222812
a 2.528274  3.116919  9.287617  1.000000  -0.136225  0.990235  0.029606  0.859896  0.103349  0.499897  0.491956  0.093557  -0.865578
a 7.532539  4.352013  7.725660  1.000000  -0.724355  0.487617  -0.487380  0.672913  0.653850  -0.345931  0.149991  -0.578541  -0.801743
a 5.423365  1.213120  8.686303  1.000000  0.105075  0.181727  0.977719  -0.159386  0.973529  -0.163819  -0.981608  -0.138621  0.131259
a 10.324981  4.453328  5.653899  1.000000  0.533277  0.725001  -0.435877  -0.647226  0.017894  -0.762088  -0.544715  0.688515  0.478782
a 3.454430  6.516189  2.449525  1.000000  0.192933  0.752918  -0.629199  0.497556  0.477618  0.724099  0.845703  -0.452765  -0.282471
a 7.005565  12.547179  6.101039  1.000000  -0.309532  -0.533974  -0.786805  0.638996  -0.729569  0.243746  -0.704183  -0.427318  0.567033
a 12.154675  9.494482  11.113237  1.000000  -0.265012  -0.267235  0.926474  0.078827  -0.963616  -0.255401  0.961018  0.005347  0.276436
a 4.591446  9.502336  8.246935  1.000000  0.906913  0.418930  0.044792  0.284758  -0.687841  0.667673  0.310518  -0.592767  -0.743106
a 1.462599  0.135925  11.514304  1.000000  -0.573227  0.071784  0.816246  -0.590015  -0.727403  -0.350381  0.568588  -0.682445  0.459321
a 4.232519  9.232544  1.385572  1.000000  0.031580  0.232680  0.972040  -0.033242  -0.971743  0.233689  0.998948  -0.039692  -0.022953
a 10.470603  1.790425  4.739482  1.000000  0.574450  -0.667010  -0.474453  -0.221508  0.431330  -0.874579  0.787998  0.607497  0.100029
a 3.947476  7.327554  3.392141  1.000000  0.020362  -0.629082  0.777072  -0.425076  0.698039  0.576239  -0.904929  -0.342048  -0.253194
a 2.053616  13.108468  10.389576  1.000000  -0.225822  0.854124  -0.468483  -0.861060  -0.399920  -0.314068  -0.455609  0.332468  0.825764
a 11.014808  5.833035  3.550018  1.000000  0.356465  0.219962  0.908047  -0.154990  -0.944504  0.289637  0.921364  -0.243984  -0.302591
a 4.996501  6.373366  6.309423  1.000000  -0.252981  0.541574  0.801685  0.958211  0.025880  0.284891  0.133541  0.840255  -0.525489
a 11.353848  11.123899  1.446537  1.000000  0.657445  0.121468  0.743647  -0.720311  -0.188375  0.667583  0.221174  -0.974557  -0.036352
a 11.683285  9.748882  5.532496  1.000000  -0.932324  -0.361623  -0.000192  0.353528  -0.911565  0.209919  -0.076087  0.195645  0.977719
a 4.026316  12.031454  9.595889  1.000000  -0.184286  0.719176  -0.669944  -0.021039  -0.684348  -0.728852  -0.982647  -0.120222  0.141247
a 2.481787  7.909575  10.077284  1.000000  0.125196  0.425128  -0.896433  -0.962834  0.270019  -0.006415  0.239327  0.863919  0.443133
a 11.778292  0.138565  6.323293  1.000000  -0.827453  -0.482738  0.286853  -0.333804  0.833639  0.440024  -0.451548  0.268346  -0.850937
a 10.555297  10.511878  0.422834  1.000000  0.437130  0.784638  -0.439614  0.751286  -0.587269  -0.301138  -0.494456  -0.198639  -0.846201
a 7.313115  5.316919  5.727149  1.000000  0.822985  0.286765  0.490369  0.095581  -0.920826  0.378080  0.559964  -0.264284  -0.785235
a 6.000420  5.825287  2.932776  1.000000  0.848283  0.522164  -0.088094  0.400539  -0.741509  -0.538269  -0.346387  0.421320  -0.838156
a 12.384583  4.957168  3.211459  1.000000  -0.208138  0.963185  -0.170156  -0.113016  -0.196484  -0.973972  -0.971548  -0.183490  0.149751
a 9.426379  12.550973  6.885395  1.000000  0.246254  0.054889  0.967650  -0.411882  -0.897828  0.155747  0.877332  -0.436911  -0.198486
a 6.825780  5.600223  11.884915  1.000000  0.877489  0.407276  -0.253259  -0.421174  0.906980  -0.000727  0.229404  0.107304  0.967398
a 2.264745  6.457394  9.668477  1.000000  0.599392  0.542928  0.588182  -0.633333  -0.127693  0.763272  0.489509  -0.830014  0.267316
a 12.764541  10.910770  2.307634  1.000000  -0.965852  -0.196449  -0.168933  0.060498  -0.804980  0.590209  -0.251934  0.559834  0.789377
a 6.199737  4.571896  6.958310  1.000000  -0.334800  0.009889  0.942237  0.458263  -0.872018  0.171985  0.823349  0.489373  0.287420
a 11.131986  10.636760  9.366809  1.000000  0.202322  -0.935587  -0.289385  0.761274  0.336139  -0.554503  0.616059  -0.108113  0.780246
a 0.261576  2.791108  0.625376  1.000000  -0.297637  0.577041  0.760549  0.262625  -0.716428  0.646343  0.917845  0.392115  0.061690
a 8.454296  3.610464  0.204071  1.000000  -0.575740  -0.702236  0.418793  -0.766625  0.641714  0.022108  -0.284270  -0.308329  -0.907813
a 11.634796  6.112231  4.391488  1.000000  0.367683  0.172977  0.913722  -0.748762  -0.527639  0.401190  0.551512  -0.831671  -0.064486
a 5.022636  2.818746  2.267386  1.000000  0.436326  0.669123  0.601576  0.144588  -0.712027  0.687104  0.888095  -0.212821  -0.407423
a 12.093274  4.041514  11.965998  1.000000  0.719982  0.231316  0.654308  0.289456  0.756803  -0.586059  -0.630747  0.611345  0.477929
a 1.306139  10.132097  9.251568  1.000000  -0.903832  -0.370782  0.213560  -0.421978  0.855050  -0.301371  -0.070862  -0.362507  -0.929283
a 6.912325  6.551953  8.918636  1.000000  0.811410  0.473797  -0.342242  -0.560390  0.464284  -0.685860  -0.166061  0.748303  0.642236
a 12.528071  5.372725  10.119622  1.000000  0.818442  -0.390714  0.421303  -0.485385  -0.077736  0.870838  -0.307498  -0.917224  -0.253269
a 5.051367  11.400295  10.535068  1.000000  -0.923276  -0.166961  0.345957  -0.205569  -0.546050  -0.812140  0.324506  -0.820946  0.469833
a 12.065228  1.231295  1.927564  1.000000  -0.706470  0.652844  0.273305  -0.134805  -0.503219  0.853579  0.694786  0.566185  0.443516
a 1.942606  11.560688  5.129787  1.000000  0.960943  -0.221249  0.166245  -0.239197  -0.966130  0.096841  0.139189  -0.132824  -0.981318
a 2.928626  4.568631  8.586059  1.000000  0.623555  -0.528989  0.575631  0.746851  0.620705  -0.238619  -0.231069  0.578703  0.782119
a 10.919754  4.882599  9.584589  1.000000  -0.348026  -0.096217  0.932534  0.600812  0.740699  0.300650  -0.719655  0.664912  -0.199974
a 1.711272  6.875614  8.098579  1.000000  0.280442  -0.268866  0.921446  0.529168  -0.757609  -0.382112  0.800833  0.594760  -0.070190
a 8.532749  1.632487  5.404385  1.000000  0.912240  -0.205869  0.354171  -0.145631  -0.971052  -0.189341  0.382898  0.121146  -0.915813
a 12.900206  10.705093  5.786864  1.000000  0.836408  0.327512  -0.439497  0.335905  -0.939908  -0.061157  -0.433116  -0.096477  -0.896160
a 1.145729  5.087992  9.597094  1.000000  -0.596731  -0.096119  0.796663  0.598810  -0.714230  0.362358  0.534171  0.693280  0.483761
a 7.592389  3.168217  3.908442  1.000000  0.718437  -0.278334  0.637478  -0.690309  -0.398027  0.604192  0.085567  -0.874131  -0.478094
a 7.997261  9.583122  12.705448  1.000000  -0.724813  0.209413  0.656348  -0.315528  -0.947799  -0.046039  0.612444  -0.240466  0.753053
a 12.756934  1.606056  10.028138  1.000000  -0.645674  -0.063915  0.760934  0.758592  0.060408  0.648760  -0.087432  0.996125  0.009482
a 0.815267  7.042868  3.185974  1.000000  0.586606  -0.808958  -0.038485  -0.638378  -0.432625  -0.636639  0.498365  0.398024  -0.770201
a 1.373512  5.467030  12.370201  1.000000  -0.938994  -0.343330  -0.020356  0.167883  -0.405889  -0.898370  0.300175  -0.846982  0.438767
a 4.681838  5.995822  3.512454  1.000000  0.252160  0.473323  0.844026  0.914071  0.169787  -0.368302  -0.317630  0.864371  -0.389838
a 9.118749  7.580804  10.552099  1.000000  -0.710982  -0.383494  0.589438  -0.164068  -0.724614  -0.669340  0.683803  -0.572596  0.452269
a 9.866695  11.224099  3.602888  1.000000  -0.194413  0.414830  0.888887  0.252694  0.896773  -0.363242  -0.947813  0.153997  -0.279169
a 3.707486  12.794053  7.041977  1.000000  0.909406  -0.133916  -0.393761  0.408682  0.463458  0.786248  0.077201  -0.875942  0.476200
a 8.040233  10.354047  11.275338  1.000000  0.756158  -0.611842  -0.232107  0.654289  0.713068  0.251872  0.011403  -0.342320  0.939514
a 1.137495  1.065891  10.483646  1.000000  -0.192011  0.927492  -0.320764  0.180314  0.354623  0.917458  0.964686  0.118324  -0.235331
a 13.065858  10.400782  12.773397  1.000000  0.684466  -0.368191  0.629238  -0.297901  -0.929006  -0.219549  0.665402  -0.037177  -0.745559
a 3.593119  0.871256  0.846557  1.000000  0.737808  0.593979  0.320669  0.143015  -0.601827  0.785717  0.659686  -0.533848  -0.528981
a 4.774984  1.028846  12.846669  1.000000  -0.847978  -0.131887  -0.513361  -0.291529  -0.692828  0.659545  -0.442656  0.708939  0.549055
a 6.282248  0.118183  5.895814  1.000000  -0.644993  -0.348960  0.679861  -0.385819  -0.619239  -0.683876  0.659642  -0.703398  0.264769
a 1.048480  11.500365  2.336716  1.000000  0.898985  -0.257634  0.354190  -0.261792  0.332243  0.906134  -0.351128  -0.907325  0.231235
a 12.188630  8.646385  5.442049  1.000000  0.714324  0.630525  -0.303612  -0.674003  0.736601  -0.056030  0.188313  0.244659  0.951147
a 8.644009  11.090517  7.538512  1.000000  0.217099  0.880470  0.421474  -0.904929  0.343431  -0.251313  -0.366021  -0.326844  0.871322
a 10.276360  4.473389  10.897266  1.000000  0.689947  0.722543  0.043648  0.683217  -0.630102  -0.369034  -0.239141  0.284435  -0.928390
a 3.454421  7.550977  7.249149  1.000000  0.749289  0.652295  -0.114353  0.577870  -0.728347  -0.368208  -0.323469  0.209813  -0.922684
a 5.130486  11.258436  3.510537  1.000000  0.446712  -0.671569  -0.591138  0.030926  0.671923  -0.739975  0.894143  0.312274  0.320925
a 6.022212  7.679470  12.803163  1.000000  0.899701  -0.386369  0.203119  0.415331  0.614549  -0.670694  0.134309  0.687785  0.713381
a 10.803744  8.508189  5.631199  1.000000  0.478359  -0.850924  0.217026  -0.868600  -0.422097  0.259554  -0.129254  -0.312669  -0.941027
a 10.916293  11.503327  10.494108  1.000000  -0.948554  0.084426  -0.305151  -0.043908  0.919402  0.390859  0.313556  0.384150  -0.868396
a 0.020814  3.031097  9.611074  1.000000  -0.470835  -0.300632  -0.829418  -0.862856  0.352828  0.361930  0.183834  0.886077  -0.425526
a 9.864326  7.703045  2.667662  1.000000  -0.009329  -0.853781  0.520548  0.995325  0.042114  0.086912  -0.096126  0.518926  0.849397
a 11.878270  2.123960  8.019938  1.000000  0.914729  0.398225  -0.068463  -0.206051  0.605463  0.768738  0.347582  -0.689080  0.635889
a 10.193554  11.778449  9.172362  1.000000  -0.126238  -0.374093  0.918759  0.233442  0.888956  0.394033  -0.964142  0.264219  -0.024891
a 10.866688  2.290136  1.786675  1.000000  -0.360891  -0.721035  0.591495  -0.924354  0.192354  -0.329499  0.123804  -0.665664  -0.735910
a 4.778163  3.494134  3.705045  1.000000  -0.757253  -0.303980  0.578069  0.353477  0.553510  0.754109  -0.549201  0.775386  -0.311697
a 7.978386  8.868957  10.585719  1.000000  0.888062  -0.368929  0.274294  0.076788  -0.469231  -0.879731  0.453265  0.802318  -0.388377
a 5.475968  5.577276  7.316550  1.000000  0.115399  -0.386836  -0.914899  0.377915  -0.834690  0.400590  -0.918620  -0.391982  0.049869
a 2.760052  2.643050  1.990956  1.000000  0.822986  0.399984  0.403370  -0.509963  0.833045  0.214413  -0.250263  -0.382163  0.889562
a 6.409822  6.643215  7.699658  1.000000  -0.639050  -0.751385  -0.164424  -0.733926  0.531713  0.422651  -0.230148  0.390770  -0.891252
a 7.492250  11.195477  12.696695  1.000000  -0.026760  0.153838  -0.987734  -0.012868  0.987953  0.154220  0.999559  0.016837  -0.024458
a 12.888566  0.805573  7.538281  1.000000  -0.196021  0.191536  0.961712  -0.970509  -0.178230  -0.162317  0.140316  -0.965167  0.220824
a 8.357339  5.087798  1.546412  1.000000  0.212484  -0.969263  0.124018  -0.967438  -0.190805  0.166305  -0.137530  -0.155317  -0.978244
a 0.506486  11.275776  6.756187  1.000000  -0.626808  0.388249  -0.675555  0.744814  0.553182  -0.373150  0.228829  -0.737057  -0.635913
a 8.001923  1.296970  11.913477  1.000000  -0.099114  0.903000  -0.418053  0.825064  0.309437  0.472778  0.556279  -0.298062  -0.775702
a 9.486464  0.958298  7.476366  1.000000  -0.743757  -0.187115  -0.641727  -0.163127  -0.880189  0.445710  -0.648240  0.436183  0.624123
a 2.422520  9.112648  9.026115  1.000000  -0.243435  -0.114366  -0.963151  -0.802470  0.581504  0.133774  0.544777  0.805465  -0.233334
a 9.065427  11.205444  11.326051  1.000000  -0.800231  0.596693  -0.059898  -0.252452  -0.244589  0.936186  0.543966  0.764286  0.346364
a 10.178655  4.419538  0.286226  1.000000  -0.896066  0.435771  -0.084668  0.081294  0.348584  0.933745  0.436413  0.829815  -0.347780
a 5.938695  11.084385  12.936890  1.000000  0.217247  0.082731  -0.972604  0.815216  -0.563401  0.134169  -0.536867  -0.822031  -0.189841
a 2.221210  0.246610  1.546309  1.000000  0.904969  -0.246697  0.346658  -0.385353  -0.820625  0.421993  0.180372  -0.515476  -0.837705
a 12.303744  6.735818  6.718334  1.000000  -0.735028  -0.650198  -0.192291  0.417311  -0.210292  -0.884098  0.534401  -0.730082  0.425905
a 3.798136  5.990650  12.142776  1.000000  -0.845606  0.377171  0.377746  -0.527947  -0.486359  -0.696223  -0.078875  -0.788161  0.610394
a 10.111772  6.307963  9.517153  1.000000  -0.718736  -0.066841  0.692063  0.694690  -0.027934  0.718767  -0.028711  0.997373  0.066510
a 11.344980  5.895208  10.301052  1.000000  -0.934610  0.127361  -0.332090  -0.355605  -0.316106  0.879558  0.007045  0.940136  0.340726
a 2.859159  5.013032  2.915076  1.000000  0.482154  0.711507  -0.511161  0.052733  0.558832  0.827602  0.874498  -0.425986  0.231923
a 4.275090  12.850708  8.698053  1.000000  0.078341  0.756281  -0.649539  0.759507  0.376763  0.530282  0.645764  -0.534873  -0.544885
a 1.352750  6.358346  11.253102  1.000000  -0.621137  0.690687  0.370324  -0.773066  -0.462403  -0.434225  -0.128674  -0.555999  0.821163
a 3.075094  9.415160  3.020272  1.000000  0.264469  0.926553  -0.267499  0.759984  -0.029478  0.649272  0.593700  -0.375008  -0.711962
a 1.341358  10.119964  6.876071  1.000000  -0.665041  -0.735209  -0.131103  -0.153388  -0.037336  0.987460  -0.730885  0.676811  -0.087943
a 2.044713  12.598456  0.633178  1.000000  -0.985687  -0.090452  0.142263  0.067618  0.560889  0.825125  -0.154428  0.822935  -0.546745
a 1.772860  4.334601  3.764601  1.000000  -0.396402  -0.613112  0.683344  -0.308072  -0.612331  -0.728109  0.864845  -0.499143  0.053847
a 6.397447  12.161447  10.589959  1.000000  0.548177  0.810028  0.208224  0.114385  0.174013  -0.978077  -0.828504  0.559977  0.002735
a 11.023601  3.181110  2.547100  1.000000  -0.030264  -0.717353  0.696052  -0.041993  -0.694844  -0.717933  0.998659  -0.050957  -0.009096
a 9.262820  9.740949  10.590222  1.000000  0.835169  -0.317376  0.449183  0.194162  -0.593986  -0.780693  0.514581  0.739225  -0.434456
a 5.157591  2.984810  9.260362  1.000000  0.215289  -0.848075  0.484168  -0.702069  -0.479034  -0.526902  0.678786  -0.226483  -0.698538
a 1.797852  12.395078  12.406990  1.000000  -0.686926  -0.708924  0.159872  0.637174  -0.481729  0.601621  -0.349489  0.515135  0.782620
a 7.170668  11.699086  9.090361  1.000000  -0.291483  -0.166610  -0.941955  -0.462358  0.886587  -0.013742  0.837414  0.431515  -0.335459
a 1.785256  7.605270  3.962584  1.000000  0.506432  -0.476781  -0.718475  -0.599707  0.403951  -0.690779  0.619579  0.780707  -0.081355
a 9.688814  8.047319  8.783601  1.000000  0.932801  0.104114  -0.345025  -0.014254  -0.945955  -0.323986  -0.360110  0.307132  -0.880903
a 12.877687  12.602105  0.002172  1.000000  -0.172394  -0.874435  0.453480  -0.049584  -0.452085  -0.890595  0.983779  -0.176018  0.034579
a 3.748634  9.818809  11.657913  1.000000  -0.450388  -0.568052  0.688816  -0.842918  0.524878  -0.118292  -0.294348  -0.633892  -0.715220
a 9.190176  1.834530  10.403671  1.000000  -0.702282  -0.706341  -0.088778  -0.490085  0.389241  0.779941  -0.516349  0.591248  -0.619524
a 10.990880  1.790656  11.210175  1.000000  0.471458  0.480301  -0.739621  0.380176  0.646054  0.661876  0.795735  -0.593232  0.121989
a 9.077215  4.925341  11.077590  1.000000  -0.649658  -0.060428  -0.757821  -0.649009  0.563194  0.511468  0.395893  0.824112  -0.405102
a 4.507238  12.322486  6.238305  1.000000  0.578157  0.769203  0.272142  0.503103  -0.598665  0.623287  0.642356  -0.223443  -0.733111
a 12.440122  1.544839  11.400733  1.000000  0.769824  0.342567  -0.538535  -0.611178  0.638811  -0.467312  0.183936  0.688889  0.701142
a 4.267846  6.971837  8.517589  1.000000  0.559419  -0.816068  -0.145201  0.153617  0.274215  -0.949320  0.814526  0.508762  0.278763
a 12.984501  12.017850  1.600083  1.000000  -0.990178  0.064512  0.124042  -0.047866  -0.989989  0.132778  0.131366  0.125536  0.983353
a 12.547936  11.631623  7.554302  1.000000  -0.225506  -0.709491  0.667660  -0.616780  0.634455  0.465885  -0.754141  -0.306740  -0.580674
a 13.108134  5.714604  0.171108  1.000000  -0.633459  0.201721  -0.747020  -0.434205  -0.891761  0.127392  -0.640465  0.405058  0.652482
a 0.974776  6.850917  0.786269  1.000000  -0.755267  -0.414178  0.507965  0.561532  -0.009211  0.827403  -0.338014  0.910149  0.239531
a 12.310981  8.745386  1.026049  1.000000  -0.803589  -0.512960  -0.301856  -0.436539  0.852709  -0.286917  0.404572  -0.098791  -0.909155
a 1.419327  2.999219  0.462019  1.000000  -0.862319  -0.497254  0.095623  0.464693  -0.852136  -0.240676  0.201161  -0.163104  0.965884
a 8.535202  6.985106  2.903456  1.000000  0.101150  -0.936640  -0.335372  0.859950  -0.087191  0.502876  -0.500255  -0.339269  0.796644
a 2.198338  7.830258  5.427354  1.000000  -0.749342  -0.326758  -0.575948  0.574603  -0.753154  -0.320297  -0.329118  -0.570953  0.752126
a 5.074219  7.902075  1.994919  1.000000  -0.968759  -0.121688  0.216098  0.187117  -0.930515  0.314847  0.162770  0.345446  0.924215
a 11.833434  5.817895  12.604237  1.000000  0.856119  -0.364028  -0.366802  0.498240  0.393022  0.772846  -0.137176  -0.844403  0.517847
a 0.280829  10.815788  4.336473  1.000000  0.365060  0.850718  0.378166  0.838776  -0.476801  0.262898  0.403963  0.221223  -0.887623
a 8.684931  2.453306  1.281176  1.000000  -0.873594  0.440910  -0.205992  -0.486540  -0.782049  0.389459  0.010621  0.440452  0.897713
a 6.505042  11.758233  2.758458  1.000000  -0.932617  0.095163  -0.348093  0.326739  -0.186795  -0.926471  -0.153188  -0.977779  0.143115
a 3.506824  8.213578  11.128103  1.000000  -0.021682  -0.977102  0.211665  0.736903  -0.158698  -0.657106  0.675650  0.141729  0.723470
a 7.549502  12.310883  12.814788  1.000000  -0.358547  0.133651  -0.923895  -0.909307  0.173908  0.378043  0.211199  0.975650  0.059176
a 0.782587  5.483076  1.417198  1.000000  -0.419947  0.819774  -0.389378  0.212170  -0.328473  -0.920375  -0.882399  -0.469123  -0.035990
a 7.532208  4.437147  0.716581  1.000000  -0.743349  -0.560640  0.364849  -0.295774  -0.213729  -0.931041  0.599958  -0.800001  -0.006947
a 6.112128  5.886607  13.000640  1.000000  0.568125  -0.809998  0.145388  0.654990  0.552022  0.516003  -0.498219  -0.197926  0.844158
a 4.761167  0.129599  0.547361  1.000000  -0.826071  -0.072574  -0.558873  0.432007  -0.718370  -0.545265  -0.361906  -0.691865  0.624778
a 1.409041  4.757157  8.159192  1.000000  0.244087  -0.750232  0.614470  0.625722  0.605928  0.491246  -0.740873  0.264581  0.617336
a 3.420215  4.637133  7.384284  1.000000  -0.335139  0.840062  -0.426588  0.633301  -0.134372  -0.762151  -0.697576  -0.525585  -0.486979
a 3.229119  4.319287  4.212304  1.000000  0.330226  0.667389  0.667490  0.690731  0.311095  -0.652771  -0.643305  0.676618  -0.358255
a 6.215951  1.361916  4.167775  1.000000  0.144743  -0.012663  -0.989388  0.979392  0.144175  0.141436  0.140854  -0.989471  0.033271
a 0.890589  6.528210  9.818097  1.000000  0.735891  -0.106130  -0.668730  0.278342  -0.852915  0.441657  -0.617243  -0.511148  -0.598113
a 8.549307  3.925352  8.603436  1.000000  -0.996304  0.004037  0.085804  -0.007724  -0.999059  -0.042672  0.085551  -0.043177  0.995398
a 5.886390  10.260580  4.654653  1.000000  0.584231  0.664687  0.465688  -0.665005  0.720987  -0.194796  -0.465233  -0.195879  0.863244
a 0.970396  0.383676  6.885741  1.000000  -0.968838  -0.166347  -0.183527  -0.208729  0.149364  0.966500  -0.133362  0.974689  -0.179431
a 6.560281  9.635024  6.043888  1.000000  -0.468739  -0.844624  -0.258640  0.805917  -0.528785  0.266239  -0.361637  -0.083646  0.928559
a 11.336508  11.760683  6.890766  1.000000  -0.986813  -0.161863  -0.000540  0.081827  -0.501737  0.861142  -0.139658  0.849742  0.508365
a 2.847736  0.760241  5.153497  1.000000  0.578768  -0.716161  0.390053  0.796060  0.392366  -0.460801  0.176964  0.577202  0.797196
a 6.928082  7.783636  4.698578  1.000000  -0.358727  0.576281  -0.734313  -0.917071  -0.070895  0.392370  0.174057  0.814171  0.553922
a 6.350097  5.140889  8.361718  1.000000  -0.638705  0.674064  -0.371070  -0.490662  0.014683  0.871226  0.592711  0.738527  0.321360
a 0.080180  2.973809  12.347275  1.000000  -0.157581  0.788871  -0.594013  0.876759  -0.165014  -0.451734  -0.454380  -0.591991  -0.665647
a 11.393318  2.546820  5.040060  1.000000  0.821147  0.224799  -0.524580  -0.496393  0.734884  -0.462103  0.281625  0.639852  0.715036
a 8.206567  6.190368  1.023491  1.000000  0.172910  -0.936029  0.306515  0.899651  0.276768  0.337679  -0.400911  0.217368  0.889956
a 2.808861  0.602984  10.989071  1.000000  -0.115557  0.597033  -0.793850  0.814739  0.514138  0.268071  0.568196  -0.615803  -0.545838
a 10.641059  11.862104  4.792249  1.000000  0.514640  -0.250826  0.819898  0.563074  -0.622275  -0.543803  0.646602  0.741526  -0.179014
a 12.291980  8.725196  6.770761  1.000000  -0.723173  0.567715  0.393346  -0.454589  -0.820011  0.347751  0.519971  0.072674  0.851087
a 11.884037  6.860587  11.937708  1.000000  0.121278  -0.413178  0.902538  -0.411880  -0.848226  -0.332968  0.903131  -0.331356  -0.273051
a 12.371424  0.842129  8.789589  1.000000  0.400707  0.101535  0.910563  -0.891137  0.274085  0.361596  -0.212857  -0.956331  0.200309
a 12.554978  1.836312  12.732284  1.000000  0.964273  -0.245043  0.100653  0.114347  0.727744  0.676250  -0.238959  -0.640580  0.729764
