&512
9.235325 9.235325 9.235325  0         Press: 2.458597
e 2.015424  0.324305  2.591840  0.500 0.900 1.120    -0.335083 0.900118 0.278402   -0.894213 -0.396908 0.206997   0.296821 -0.179590 0.937894  453  9  56  8
d 5.416372  0.948378  0.112095  0.500 0.900 1.120    -0.302677 0.898887 -0.316841   0.020142 -0.326327 -0.945042   -0.952880 -0.292424 0.080667  202  117  112  -1
e 3.470176  2.935494  9.179162  0.500 0.900 1.120    -0.619332 0.482834 -0.619112   0.452922 0.863827 0.220600   0.641319 -0.143785 -0.753682  398  403  70  458
b 4.814239  8.593086  3.372849  0.500 0.900 1.120    0.031161 -0.654168 -0.755707   -0.108023 0.749442 -0.653199   0.993660 0.101988 -0.047312  -1  78  -1  -1
e 2.596939  8.251819  6.084491  0.500 0.900 1.120    -0.783054 0.334169 -0.524554   0.612158 0.265006 -0.745007   -0.109948 -0.904491 -0.412078  498  118  495  507
e 0.460678  8.716112  0.576243  0.500 0.900 1.120    -0.432711 -0.708470 -0.557522   -0.448131 0.705633 -0.548872   0.782266 0.012340 -0.622823  320  449  455  200
d 5.349595  8.902406  6.054690  0.500 0.900 1.120    -0.097434 -0.124169 0.987466   -0.113256 -0.984358 -0.134953   0.988777 -0.124985 0.081848  181  14  -1  77
e 5.559820  1.054813  7.056110  0.500 0.900 1.120    0.621924 0.403655 0.671024   -0.553817 0.832545 0.012475   -0.553622 -0.379383 0.741330  257  71  205  396
e 1.212505  8.916200  2.234136  0.500 0.900 1.120    -0.845074 0.280967 -0.454870   0.385888 0.909398 -0.155194   0.370054 -0.306680 -0.876931  145  440  260  0
e 3.000068  9.196732  2.905605  0.500 0.900 1.120    -0.087580 -0.315015 -0.945037   0.978229 0.151977 -0.141316   0.188141 -0.936839 0.294847  490  366  0  137
e 3.802983  2.093113  4.946763  0.500 0.900 1.120    -0.317430 -0.913339 -0.255049   0.877288 -0.384952 0.286668   -0.360006 -0.132754 0.923457  140  478  476  222
e 4.663489  1.579937  2.723146  0.500 0.900 1.120    0.364659 0.930570 0.032605   -0.829554 0.340580 -0.442544   -0.422923 0.134330 0.896154  26  19  132  467
e 8.863913  3.369005  4.892068  0.500 0.900 1.120    0.935997 0.168376 0.309127   0.344763 -0.615759 -0.708505   0.071053 0.769734 -0.634398  339  293  277  343
d 2.989347  6.450113  5.743487  0.500 0.900 1.120    0.054483 0.969848 -0.237543   -0.895259 0.152801 0.418525   0.442202 0.189860 0.876590  118  166  -1  422
e 6.101745  0.249878  5.540241  0.500 0.900 1.120    -0.172537 -0.980643 0.092571   -0.108458 -0.074495 -0.991306   0.979014 -0.181077 -0.093506  255  262  6  197
e 1.892729  1.866138  6.383606  0.500 0.900 1.120    -0.455378 0.890037 0.021563   -0.573300 -0.311681 0.757748   0.681145 0.332700 0.652190  390  86  134  462
e 2.398317  3.349631  5.221856  0.500 0.900 1.120    0.277013 -0.857512 -0.433517   -0.917904 -0.369564 0.144480   -0.284106 0.357905 -0.889488  340  466  478  446
e 1.972745  2.040156  4.609222  0.500 0.900 1.120    0.590427 -0.726119 -0.352346   0.719087 0.671505 -0.178869   0.366482 -0.147758 0.918618  23  134  450  340
e 3.760366  5.647940  3.863675  0.500 0.900 1.120    -0.959480 0.056212 0.276112   0.252707 -0.261803 0.931449   0.124646 0.963483 0.236990  428  227  36  214
d 4.423504  0.822859  3.454494  0.500 0.900 1.120    -0.621727 0.358017 -0.696620   -0.403223 -0.908802 -0.107192   -0.671466 0.214249 0.709387  137  499  11  -1
e 5.314896  3.320370  8.250690  0.500 0.900 1.120    -0.478998 -0.664100 -0.574049   0.099742 -0.690892 0.716045   -0.872131 0.285728 0.397175  94  22  64  161
e 6.430033  3.300309  5.054328  0.500 0.900 1.120    -0.457795 -0.019366 -0.888847   -0.811755 -0.398644 0.426775   -0.362599 0.916901 0.166777  232  263  332  380
e 4.661299  4.188840  8.352665  0.500 0.900 1.120    -0.023682 -0.967965 0.249966   0.245957 -0.247992 -0.937019   0.968991 0.039290 0.243951  20  238  398  31
d 2.863167  1.700896  4.975535  0.500 0.900 1.120    -0.201928 0.836706 -0.509065   -0.439955 -0.541871 -0.716112   -0.875023 0.079362 0.477532  17  86  -1  125
e 7.057296  5.867855  2.991267  0.500 0.900 1.120    0.829186 -0.527098 -0.186058   0.117233 -0.161466 0.979890   -0.546541 -0.834324 -0.072092  474  171  356  309
d 0.539324  4.831167  8.218684  0.500 0.900 1.120    -0.729324 -0.599802 -0.329126   0.684037 -0.629838 -0.367963   0.013409 -0.493499 0.869643  240  360  -1  464
e 4.222242  2.295133  3.356403  0.500 0.900 1.120    -0.948168 0.228561 -0.220766   0.284402 0.920278 -0.268707   0.141750 -0.317566 -0.937581  165  11  476  75
d 5.479775  2.843311  3.028721  0.500 0.900 1.120    -0.582430 -0.102721 -0.806364   -0.681073 0.603189 0.415094   0.443752 0.790956 -0.421276  220  267  -1  75
e 2.573474  0.156297  4.956654  0.500 0.900 1.120    -0.963643 0.255532 -0.078076   -0.142598 -0.244725 0.959049   0.225961 0.935315 0.272266  381  125  508  510
e 3.241402  3.503247  6.673594  0.500 0.900 1.120    -0.412013 -0.137284 0.900777   -0.580097 0.801875 -0.143124   -0.702662 -0.581507 -0.410021  405  76  254  341
e 0.932680  2.933652  5.775904  0.500 0.900 1.120    -0.775940 0.092164 0.624038   0.107773 -0.955355 0.275103   0.621532 0.280718 0.731365  376  446  277  134
e 4.003186  4.723683  7.703392  0.500 0.900 1.120    0.242070 -0.967855 0.068257   -0.869373 -0.247599 -0.427651   0.430805 0.044181 -0.901363  153  160  22  472
d 1.975193  5.327774  8.658379  0.500 0.900 1.120    -0.680177 0.673210 0.290083   0.588396 0.737409 -0.331691   -0.437207 -0.054925 -0.897682  485  49  -1  108
e 3.459854  5.068960  0.217447  0.500 0.900 1.120    -0.540249 0.719863 0.435807   0.414966 0.678443 -0.606233   -0.732075 -0.146672 -0.665247  108  361  40  47
d 0.626268  3.545082  1.458214  0.500 0.900 1.120    -0.920896 -0.351514 0.168488   0.356762 -0.585861 0.727659   -0.157072 0.730209 0.664924  394  -1  457  337
e 5.289342  3.857136  5.510184  0.500 0.900 1.120    -0.131603 -0.315484 0.939761   0.965045 -0.257521 0.048693   0.226646 0.913320 0.338347  217  156  194  232
e 3.266552  5.277869  3.074752  0.500 0.900 1.120    0.923042 -0.384136 -0.020835   0.382851 0.922560 -0.048045   0.037677 0.036371 0.998628  18  44  139  97
e 1.531467  7.321187  3.865502  0.500 0.900 1.120    0.361672 0.018276 -0.932126   -0.711518 -0.640649 -0.288636   -0.602441 0.767616 -0.218701  427  445  170  346
d 5.058918  4.880214  6.434377  0.500 0.900 1.120    0.146725 0.986861 0.067651   0.925865 -0.112938 -0.360581   -0.348203 0.115542 -0.930271  215  95  160  -1
d 4.229106  3.968672  0.277794  0.500 0.900 1.120    0.920019 -0.247130 0.304124   0.311576 0.931992 -0.185230   -0.237665 0.265173 0.934451  82  458  328  -1
e 3.201784  5.205173  1.270986  0.500 0.900 1.120    -0.725461 -0.197666 0.659268   -0.070820 0.974226 0.214169   -0.684610 0.108682 -0.720762  424  33  139  114
d 2.899960  7.167792  2.965057  0.500 0.900 1.120    0.501928 0.642975 0.578491   0.864179 -0.345341 -0.365971   -0.035534 0.683611 -0.728981  43  -1  170  97
b 1.543336  4.020623  1.109982  0.500 0.900 1.120    0.108195 -0.980248 0.165551   0.976255 0.073329 -0.203836   0.187671 0.183674 0.964906  -1  442  -1  -1
e 3.874542  7.378439  2.642669  0.500 0.900 1.120    0.074388 -0.195063 0.977966   0.724847 -0.662941 -0.187364   0.684882 0.722813 0.092076  113  490  41  50
d 2.723719  4.597152  3.770784  0.500 0.900 1.120    0.338251 -0.079619 0.937682   0.497549 0.860887 -0.106383   -0.798768 0.502527 0.330810  -1  355  173  36
e 1.077588  1.847688  1.281133  0.500 0.900 1.120    -0.380926 0.220831 0.897847   -0.815799 -0.537300 -0.213964   0.435163 -0.813967 0.384825  460  378  337  384
e 4.370483  8.176742  7.895732  0.500 0.900 1.120    0.552416 0.015915 0.833417   0.741181 -0.466878 -0.482364   0.381427 0.884178 -0.269707  253  55  123  150
e 4.373276  5.503197  0.207466  0.500 0.900 1.120    -0.978921 0.189168 0.076995   0.186309 0.672651 0.716121   0.083676 0.715371 -0.693716  210  238  33  225
e 4.317775  4.739755  2.715395  0.500 0.900 1.120    0.495846 0.772385 0.396937   0.696686 -0.080936 -0.712796   -0.518426 0.629977 -0.578241  92  139  214  213
e 2.016114  4.291145  8.504691  0.500 0.900 1.120    -0.876281 0.170694 0.450550   0.402044 0.774383 0.488560   -0.265504 0.609257 -0.747204  32  423  298  361
e 3.557337  6.955314  1.731279  0.500 0.900 1.120    0.377110 -0.653986 -0.655813   -0.668873 0.297472 -0.681263   0.640623 0.695566 -0.325254  426  43  114  435
e 4.962955  5.814480  5.403409  0.500 0.900 1.120    -0.392868 0.833811 0.387833   0.903294 0.270850 0.332715   0.172377 0.481041 -0.859585  164  107  166  215
e 3.617618  6.879450  7.342360  0.500 0.900 1.120    0.537533 0.187412 0.822153   0.842963 -0.094339 -0.529635   -0.021699 0.977741 -0.208692  150  479  104  300
e 7.395228  6.729965  9.176535  0.500 0.900 1.120    -0.971673 -0.131597 -0.196300   0.076252 0.611623 -0.787466   0.223690 -0.780128 -0.584263  174  291  250  362
d 6.197372  7.741335  0.285024  0.500 0.900 1.120    0.973838 0.112403 0.197497   -0.092890 -0.596272 0.797390   0.207391 -0.794874 -0.570231  250  57  -1  68
e 3.583980  8.729057  7.491632  0.500 0.900 1.120    0.116858 -0.652706 0.748544   0.521089 -0.601334 -0.605693   0.845465 0.460838 0.269848  46  127  321  507
e 2.342220  1.019393  1.950205  0.500 0.900 1.120    -0.296024 0.953825 0.050878   -0.123330 -0.090987 0.988186   0.947185 0.286252 0.144569  81  142  378  0
e 5.848557  7.605491  8.512692  0.500 0.900 1.120    0.856308 -0.021335 0.516025   -0.343654 0.722318 0.600133   -0.385538 -0.691232 0.611194  54  296  192  253
b 1.314069  8.694510  3.208977  0.500 0.900 1.120    0.931528 -0.347587 0.106951   -0.356047 -0.931570 0.073542   0.074070 -0.106586 -0.991541  434  -1  -1  -1
e 5.039265  7.604421  4.782183  0.500 0.900 1.120    0.826747 0.559021 0.063127   0.435974 -0.707570 0.556122   0.355550 -0.432251 -0.828700  244  404  77  164
e 6.577778  8.123395  4.396081  0.500 0.900 1.120    -0.646170 -0.281009 0.709576   0.702595 0.144044 0.696858   -0.298034 0.948834 0.104359  255  179  244  318
e 3.922940  8.289246  5.690189  0.500 0.900 1.120    0.685933 0.624986 0.372677   -0.724821 0.632071 0.274080   -0.064262 -0.458124 0.886562  507  63  77  510
c 4.050650  6.740569  4.841086  0.500 0.900 1.120    -0.722140 -0.691498 -0.018532   -0.367667 0.360991 0.857033   -0.585947 0.625712 -0.514927  444  404  -1  -1
d 4.250615  7.336688  6.092954  0.500 0.900 1.120    0.823167 -0.474106 0.312441   0.204870 0.761199 0.615308   -0.529551 -0.442492 0.723724  150  -1  164  61
d 5.575994  2.754852  7.369111  0.500 0.900 1.120    -0.894032 0.158362 0.419080   -0.324981 0.414647 -0.849974   -0.308374 -0.896097 -0.319243  88  -1  20  226
e 3.797512  7.949425  1.162144  0.500 0.900 1.120    0.155283 -0.977221 0.144660   0.986523 0.161044 0.028930   -0.051567 0.138218 0.989058  185  441  426  505
e 7.209482  8.484357  2.905867  0.500 0.900 1.120    0.374236 0.496544 -0.783193   -0.667205 0.730730 0.144469   0.644038 0.468485 0.604762  131  299  386  179
d 4.480451  9.128394  1.833829  0.500 0.900 1.120    0.845657 0.294665 -0.445014   -0.083984 -0.749933 -0.656161   -0.527078 0.592261 -0.609439  -1  506  74  249
e 5.487493  8.091622  0.981583  0.500 0.900 1.120    -0.092512 0.983131 0.157782   0.239402 0.175775 -0.954877   -0.966503 -0.050564 -0.251624  190  185  98  54
e 5.909978  6.889566  2.629742  0.500 0.900 1.120    -0.819692 0.425659 -0.383302   -0.192803 0.425094 0.884377   0.539382 0.798818 -0.266378  477  195  106  314
e 2.522159  2.952834  8.756575  0.500 0.900 1.120    0.383567 -0.432285 0.816092   -0.908738 -0.019236 0.416923   -0.164531 -0.901532 -0.400212  327  80  2  298
e 4.866267  0.252776  7.041770  0.500 0.900 1.120    0.126200 -0.461262 0.878243   -0.046227 0.881625 0.469681   -0.990927 -0.099872 0.089938  127  470  120  7
e 7.191145  1.962575  8.765187  0.500 0.900 1.120    -0.081586 0.560147 0.824366   0.980145 -0.104886 0.168272   0.180721 0.821726 -0.540468  330  266  275  130
e 0.601605  2.548158  3.194493  0.500 0.900 1.120    -0.254039 -0.965903 0.049960   0.046817 -0.063875 -0.996859   0.966060 -0.250902 0.061448  387  412  268  394
e 5.375595  9.150289  2.435066  0.500 0.900 1.120    0.659122 -0.409966 -0.630465   -0.386163 0.534875 -0.751523   0.645318 0.738808 0.194234  162  180  98  67
e 4.897344  3.015849  3.870673  0.500 0.900 1.120    0.643466 0.708819 -0.289011   -0.765463 0.593748 -0.248053   -0.004225 0.380841 0.924631  493  222  27  26
e 3.504546  2.618521  6.159136  0.500 0.900 1.120    0.216814 -0.947854 0.233589   0.921131 0.119397 -0.370489   0.323280 0.295493 0.898985  157  29  86  478
e 4.854461  8.534099  5.188147  0.500 0.900 1.120    -0.411475 -0.878972 0.241034   -0.095910 0.304749 0.947591   -0.906361 0.366792 -0.209699  61  101  59  6
c 5.330369  8.476236  4.246900  0.500 0.900 1.120    0.919940 0.270872 0.283442   -0.040645 -0.653169 0.756121   0.389947 -0.707106 -0.589866  -1  3  252  -1
d 5.979547  4.844529  7.088373  0.500 0.900 1.120    -0.227204 -0.973529 0.024907   0.913719 -0.204259 0.351278   -0.336892 0.102570 0.935940  103  -1  217  169
e 2.749742  2.554512  7.818259  0.500 0.900 1.120    0.975460 -0.143587 -0.166913   -0.064537 0.538327 -0.840261   0.210505 0.830413 0.515850  254  70  465  390
e 2.759486  1.955696  2.365300  0.500 0.900 1.120    -0.692558 0.305390 0.653529   0.142892 0.946091 -0.290678   -0.707068 -0.107927 -0.698861  468  56  402  165
c 4.558239  4.565333  1.072395  0.500 0.900 1.120    0.171323 0.981665 0.083562   0.506088 -0.160460 0.847424   0.845295 -0.102893 -0.524300  -1  39  -1  213
e 1.786756  6.870027  2.817222  0.500 0.900 1.120    0.482600 -0.787149 -0.384050   -0.835086 -0.281344 -0.472733   0.264061 0.548855 -0.793114  433  434  418  427
e 2.773421  3.863036  2.142825  0.500 0.900 1.120    0.222099 -0.551456 -0.804095   -0.968505 -0.029569 -0.247232   0.112561 0.833680 -0.540655  401  139  89  456
d 6.096067  1.398528  7.837810  0.500 0.900 1.120    0.278250 0.454797 -0.846012   -0.006272 0.881638 0.471885   0.960488 -0.125995 0.248168  266  251  -1  207
e 2.917611  1.705641  6.016854  0.500 0.900 1.120    -0.485283 -0.425639 0.763762   0.391487 -0.886835 -0.245481   0.781817 0.179875 0.596999  209  76  15  23
d 3.979187  2.376962  7.650167  0.500 0.900 1.120    0.021267 -0.627048 -0.778690   0.234506 0.760266 -0.605808   0.971882 -0.169724 0.163215  88  94  -1  254
e 4.625598  2.819988  6.861429  0.500 0.900 1.120    0.019421 -0.102429 0.994551   0.936219 -0.347237 -0.054045   0.350881 0.932167 0.089153  64  194  87  152
e 3.684162  3.391339  1.976535  0.500 0.900 1.120    0.704048 0.242446 -0.667485   -0.027055 -0.930079 -0.366363   -0.709637 0.275996 -0.648261  458  84  213  165
e 2.755677  3.100287  3.631975  0.500 0.900 1.120    0.087432 -0.781127 0.618221   -0.070615 0.614176 0.786003   -0.993665 -0.112377 -0.001461  340  456  476  173
c 2.155454  5.221973  3.120965  0.500 0.900 1.120    -0.530348 0.783414 -0.324027   0.442725 0.581880 0.682210   0.722997 0.218354 -0.655436  418  -1  234  -1
d 4.687487  5.489268  2.019788  0.500 0.900 1.120    0.849273 -0.201883 -0.487831   -0.483680 -0.667914 -0.565637   -0.211636 0.716334 -0.664888  -1  475  154  48
d 3.075475  5.325583  6.742531  0.500 0.900 1.120    -0.880540 0.187350 0.435372   -0.039698 -0.944486 0.326145   0.472307 0.269900 0.839095  -1  300  422  341
e 4.660340  2.555722  8.430734  0.500 0.900 1.120    -0.958273 0.037352 0.283405   -0.252947 0.351031 -0.901551   -0.133159 -0.935618 -0.326936  87  207  328  20
c 4.331399  4.500767  5.818598  0.500 0.900 1.120    0.727689 0.672074 -0.137061   0.293327 -0.485549 -0.823530   -0.620023 0.559069 -0.550466  -1  -1  38  194
d 4.794203  2.333112  1.035791  0.500 0.900 1.120    -0.150120 -0.955749 -0.252996   -0.127027 -0.235129 0.963628   -0.980473 0.176797 -0.086109  203  -1  112  221
e 3.181432  6.223441  2.500223  0.500 0.900 1.120    0.633134 -0.051266 -0.772343   0.484617 0.804296 0.343881   0.603563 -0.592013 0.534071  475  36  424  41
e 5.671608  8.284985  1.990931  0.500 0.900 1.120    -0.577967 0.712485 -0.397894   0.425620 -0.152830 -0.891903   -0.696277 -0.684842 -0.214917  68  477  74  307
e 6.080425  5.622933  0.208637  0.500 0.900 1.120    -0.642580 0.766023 0.017287   0.630382 0.515703 0.580232   0.435557 0.383743 -0.814268  489  415  225  178
b 5.916150  5.873444  7.586316  0.500 0.900 1.120    -0.716512 0.690681 -0.097833   -0.551835 -0.475421 0.685166   0.426719 0.544918 0.721787  296  -1  -1  -1
d 4.364351  9.161815  4.493525  0.500 0.900 1.120    -0.056616 -0.104845 0.992876   -0.177085 -0.977648 -0.113335   0.982566 -0.182240 0.036784  77  -1  188  411
d 2.130627  4.591204  5.905858  0.500 0.900 1.120    0.184649 0.809955 0.556666   0.448348 -0.573454 0.685663   0.874579 0.122973 -0.469029  341  466  -1  446
e 6.496710  4.340987  7.808975  0.500 0.900 1.120    -0.270226 -0.127594 -0.954305   0.720868 -0.683849 -0.112692   -0.638221 -0.718380 0.276773  226  110  79  425
c 3.903317  6.430645  8.269928  0.500 0.900 1.120    0.633742 0.299249 -0.713317   -0.744256 -0.015464 -0.667716   -0.210844 0.954050 0.212918  52  -1  191  -1
e 6.282879  6.182484  1.364287  0.500 0.900 1.120    0.598232 -0.385218 -0.702656   0.590498 -0.380837 0.711530   -0.541692 -0.840577 -0.000358  178  488  250  195
e 5.049423  6.838957  2.037745  0.500 0.900 1.120    -0.124140 -0.834766 -0.536428   -0.089710 -0.528954 0.843896   -0.988201 0.152884 -0.009222  475  185  488  69
e 5.175032  5.534981  4.466934  0.500 0.900 1.120    0.310399 -0.950536 0.011571   0.618073 0.192555 -0.762174   0.722246 0.243730 0.647269  155  51  156  187
e 2.984029  5.564973  8.708394  0.500 0.900 1.120    0.723303 -0.671165 -0.162388   -0.646507 -0.575575 -0.500741   0.242614 0.467173 -0.850228  472  503  33  32
e 5.529067  7.273217  7.043026  0.500 0.900 1.120    -0.676613 0.731682 -0.082681   0.675458 0.661453 0.325939   0.293174 0.164687 -0.941768  181  230  150  247
e 5.884419  4.573985  8.703525  0.500 0.900 1.120    -0.277706 0.957142 0.082212   -0.562834 -0.092753 -0.821350   -0.778523 -0.274365 0.564470  238  347  415  103
d 5.176420  6.977685  0.377713  0.500 0.900 1.120    0.019649 -0.437861 -0.898828   0.726571 0.623817 -0.288006   0.686811 -0.647403 0.330394  489  488  210  -1
e 5.505925  2.027119  0.285852  0.500 0.900 1.120    0.520477 -0.817654 0.246061   -0.804454 -0.372935 0.462356   -0.286282 -0.438590 -0.851869  1  207  275  96
d 4.718465  7.313198  3.184079  0.500 0.900 1.120    -0.164980 0.476446 -0.863586   -0.472031 -0.806939 -0.355016   -0.866007 0.349068 0.358026  43  404  477  -1
c 3.802262  5.972734  1.555376  0.500 0.900 1.120    -0.961999 0.273024 -0.003904   -0.091658 -0.336360 -0.937262   -0.257209 -0.901288 0.348603  40  -1  50  -1
e 8.094998  7.164231  2.889103  0.500 0.900 1.120    0.037846 0.312865 0.949043   -0.124622 -0.940832 0.315128   0.991482 -0.130198 0.003383  116  372  299  356
e 8.503572  6.658980  3.770596  0.500 0.900 1.120    -0.078420 0.968909 0.234663   0.094728 0.241565 -0.965750   -0.992410 -0.053505 -0.110726  115  287  429  292
e 4.939380  0.476010  1.007053  0.500 0.900 1.120    -0.669200 -0.740139 -0.066082   -0.365083 0.250025 0.896773   -0.647214 0.624246 -0.437529  147  1  190  162
e 2.523578  7.263621  6.297660  0.500 0.900 1.120    -0.583725 -0.300558 0.754275   0.571281 -0.812157 0.118485   0.576978 0.500065 0.645779  479  4  421  13
c 2.537359  7.010131  0.382675  0.500 0.900 1.120    -0.810969 0.466032 0.353756   -0.499843 -0.866102 -0.004880   0.304114 -0.180780 0.935325  -1  426  -1  503
e 5.743127  8.909664  7.205389  0.500 0.900 1.120    -0.704130 0.172428 0.688817   0.234788 0.972041 -0.003318   -0.670131 0.159390 -0.724927  71  181  253  143
e 3.802776  0.145100  0.202482  0.500 0.900 1.120    0.406230 -0.487091 0.773123   0.811163 0.581766 -0.059687   -0.420704 0.651376 0.631441  147  511  505  193
e 0.506124  9.081760  4.873522  0.500 0.900 1.120    0.828109 0.549410 -0.111283   -0.225242 0.144334 -0.963553   -0.513324 0.822992 0.243274  420  374  500  297
d 4.069329  7.526553  8.736235  0.500 0.900 1.120    0.803355 -0.294024 -0.517852   0.361847 -0.449639 0.816634   -0.472956 -0.843430 -0.254828  -1  126  46  505
e 8.053950  0.469520  2.375606  0.500 0.900 1.120    -0.893459 -0.447395 -0.039600   -0.380650 0.801057 -0.461967   0.238404 -0.397675 -0.886012  352  363  131  322
e 3.264251  0.861312  4.592551  0.500 0.900 1.120    0.578274 0.701654 0.416271   -0.202949 0.617912 -0.759603   -0.790197 0.354777 0.499722  23  28  188  137
d 3.166103  7.355514  8.217481  0.500 0.900 1.120    0.423551 0.750910 0.506694   -0.241799 0.632766 -0.735623   -0.873005 0.189056 0.449578  321  503  123  -1
e 4.004409  0.406100  7.692026  0.500 0.900 1.120    -0.862928 0.086968 -0.497788   0.355115 -0.596463 -0.719809   -0.359512 -0.797915 0.483820  55  193  186  71
e 8.296729  7.540097  6.968016  0.500 0.900 1.120    -0.479456 -0.759834 0.439061   -0.786661 0.150379 -0.598791   0.388956 -0.632486 -0.669832  408  368  242  141
e 8.004112  8.634655  8.717417  0.500 0.900 1.120    -0.409147 0.736834 -0.538214   0.386943 -0.394075 -0.833655   -0.826362 -0.549345 -0.123878  135  313  265  302
e 7.616685  1.031306  8.402802  0.500 0.900 1.120    -0.107600 -0.724997 0.680295   0.958514 -0.257322 -0.122625   0.263957 0.638877 0.722608  459  72  251  248
e 7.572444  0.172441  3.322616  0.500 0.900 1.120    0.944619 0.211444 -0.250970   -0.064457 -0.630320 -0.773655   -0.321776 0.746986 -0.581784  124  212  246  66
e 5.724646  1.490131  2.425348  0.500 0.900 1.120    -0.325911 0.941193 -0.089096   -0.934532 -0.334980 -0.120158   -0.142938 0.044102 0.988749  11  261  219  162
e 6.954803  0.896966  4.348194  0.500 0.900 1.120    0.101594 0.193457 -0.975835   0.209862 0.954668 0.211109   0.972438 -0.226238 0.056389  326  245  212  397
e 1.330538  1.983500  5.455016  0.500 0.900 1.120    -0.043302 -0.751731 0.658047   0.996326 -0.081207 -0.027207   0.073891 0.654451 0.752485  15  30  388  17
e 7.258522  8.550066  8.006440  0.500 0.900 1.120    -0.084317 -0.927968 -0.362995   0.041862 0.360672 -0.931753   0.995559 -0.093759 0.008436  141  129  192  143
e 7.983906  3.667124  1.359365  0.500 0.900 1.120    -0.547591 0.336563 0.766074   -0.824958 -0.064019 -0.561556   -0.139956 -0.939482 0.312706  282  288  284  306
e 3.430467  0.614812  3.614791  0.500 0.900 1.120    0.324715 0.826800 -0.459305   0.712756 0.105307 0.693461   0.621722 -0.552550 -0.555113  19  9  402  125
e 5.374334  9.117457  8.742965  0.500 0.900 1.120    -0.954205 -0.013929 0.298828   -0.037403 0.996632 -0.072980   -0.296805 -0.080815 -0.951512  193  253  190  243
e 3.400429  4.717779  2.165148  0.500 0.900 1.120    -0.539529 0.795299 -0.276418   -0.719723 -0.265265 0.641587   0.436930 0.545099 0.715513  36  48  40  84
e 4.188097  1.464754  5.665930  0.500 0.900 1.120    -0.831095 -0.292761 0.472834   -0.470793 -0.082205 -0.878405   0.296033 -0.952645 -0.069510  188  396  157  10
e 7.966475  8.478834  7.173871  0.500 0.900 1.120    -0.980253 0.170609 0.099985   0.002796 0.517526 -0.855663   -0.197728 -0.838486 -0.507784  295  128  135  199
e 3.231791  0.434469  1.739634  0.500 0.900 1.120    -0.341717 0.925828 -0.161470   -0.937148 -0.322779 0.132542   0.070593 0.196613 0.977937  56  506  147  441
e 6.698439  0.021774  7.496747  0.500 0.900 1.120    0.855369 -0.305366 -0.418444   -0.341307 0.275434 -0.898691   0.389684 0.911530 0.131375  198  251  135  120
e 6.699317  2.826451  7.127527  0.500 0.900 1.120    0.839398 -0.266646 0.473614   -0.482713 0.034751 0.875089   -0.249798 -0.963168 -0.099544  266  206  451  226
d 1.154924  0.146397  1.267684  0.500 0.900 1.120    -0.616609 -0.757566 0.214212   -0.782489 0.559804 -0.272636   0.086623 -0.335728 -0.937967  -1  379  8  460
e 1.170659  0.673496  8.986216  0.500 0.900 1.120    -0.369903 0.432486 0.822270   -0.160992 0.841819 -0.515191   -0.915016 -0.322949 -0.241765  469  320  379  256
e 3.880694  0.793245  0.991112  0.500 0.900 1.120    0.453955 -0.384183 0.803946   0.464716 -0.667751 -0.581505   0.760239 0.637583 -0.124593  117  473  142  121
e 8.175663  1.519657  0.853839  0.500 0.900 1.120    0.952506 0.058306 -0.298884   0.183885 0.672218 0.717154   0.242730 -0.738054 0.629570  259  352  459  163
d 6.727103  1.066670  1.760382  0.500 0.900 1.120    0.505812 -0.554050 -0.661198   0.761337 0.647110 0.040173   0.405610 -0.523715 0.749135  352  -1  399  204
e 4.545493  7.446776  7.136470  0.500 0.900 1.120    0.223457 -0.879204 0.420794   -0.799441 0.081668 0.595168   -0.557639 -0.469394 -0.684622  52  63  109  46
e 3.458711  4.966103  5.280875  0.500 0.900 1.120    -0.979925 0.198538 -0.018180   0.193848 0.927511 -0.319604   -0.046591 -0.316712 -0.947377  428  158  341  166
e 5.340629  2.290428  6.262398  0.500 0.900 1.120    0.428249 0.112289 0.896657   0.381619 -0.921902 -0.066814   0.819127 0.370795 -0.437655  206  281  88  396
b 4.112026  4.024357  6.946137  0.500 0.900 1.120    0.861013 0.074923 0.503035   -0.067051 -0.963733 0.258307   0.504144 -0.256134 -0.824763  -1  -1  31  -1
e 5.392718  5.477084  2.841141  0.500 0.900 1.120    -0.822080 0.518237 0.235828   0.061011 0.491983 -0.868464   -0.566093 -0.699559 -0.436068  92  483  187  171
e 6.139295  5.201545  4.780982  0.500 0.900 1.120    -0.245761 0.963140 -0.109375   0.790972 0.264485 0.551734   0.560325 0.049083 -0.826817  231  357  107  336
d 4.835642  4.614496  4.865520  0.500 0.900 1.120    -0.078011 -0.386949 0.918795   -0.233935 0.902978 0.360424   -0.969117 -0.186821 -0.160963  -1  493  35  107
d 4.209275  1.919353  6.596711  0.500 0.900 1.120    0.843507 0.273461 -0.462293   0.228590 -0.961624 -0.151741   -0.486048 0.022319 -0.873647  140  76  -1  186
d 3.591319  4.013000  4.924328  0.500 0.900 1.120    -0.619873 0.034577 0.783940   0.579569 0.693680 0.427678   -0.529016 0.719453 -0.450033  151  173  478  -1
c 7.544726  5.061304  8.817333  0.500 0.900 1.120    -0.771081 0.118235 0.625663   0.243229 -0.853398 0.461033   0.588450 0.507674 0.629281  283  -1  415  -1
e 4.628862  5.448617  7.225588  0.500 0.900 1.120    0.090595 0.243212 -0.965733   0.992634 0.056267 0.107289   0.080433 -0.968340 -0.236323  38  31  300  191
d 6.213293  2.904874  8.524763  0.500 0.900 1.120    -0.009280 -0.791603 0.610965   0.957767 0.168568 0.232955   -0.287397 0.587324 0.756607  -1  20  207  303
e 5.718010  0.620201  1.784925  0.500 0.900 1.120    -0.307767 0.146851 0.940061   -0.904768 -0.350887 -0.241399   0.294406 -0.924831 0.240858  74  211  132  117
e 7.779619  2.450640  1.027354  0.500 0.900 1.120    -0.493675 -0.836001 0.239556   -0.286719 0.416527 0.862727   -0.821022 0.357221 -0.445327  204  330  148  288
e 4.969549  6.837327  5.529202  0.500 0.900 1.120    0.444724 -0.756492 0.479520   -0.893101 -0.415046 0.173516   0.067759 -0.505427 -0.860205  51  59  230  63
e 3.640007  2.505447  2.446197  0.500 0.900 1.120    -0.193345 -0.433453 0.880191   -0.971223 0.211724 -0.109077   -0.139078 -0.875952 -0.461916  81  203  26  89
e 3.906330  5.867752  5.766362  0.500 0.900 1.120    -0.701366 -0.003984 -0.712790   -0.648446 0.418794 0.635712   0.295980 0.908072 -0.296312  13  51  151  300
e 8.527773  1.741366  7.029484  0.500 0.900 1.120    0.441554 -0.896311 0.040718   -0.463702 -0.266816 -0.844860   0.768121 0.354170 -0.533435  312  342  248  176
d 6.575094  8.680492  0.712798  0.500 0.900 1.120    -0.288892 -0.130433 -0.948435   -0.957217 0.056598 0.283783   0.016665 0.989840 -0.141203  -1  241  313  307
d 6.954466  5.194711  7.012951  0.500 0.900 1.120    0.682323 -0.062276 0.728393   -0.462544 -0.808350 0.364176   0.566117 -0.585399 -0.580361  294  333  -1  79
e 2.543593  7.404519  3.924257  0.500 0.900 1.120    -0.815812 0.542325 -0.200836   0.227044 0.619743 0.751245   0.531885 0.567276 -0.628726  366  41  37  444
d 6.304587  5.486415  2.257116  0.500 0.900 1.120    0.372954 -0.630704 -0.680528   0.756290 -0.218261 0.616756   -0.537523 -0.744698 0.395594  285  154  -1  24
e 8.865105  8.634754  3.313672  0.500 0.900 1.120    0.935791 0.034085 -0.350903   -0.294326 -0.472389 -0.830796   -0.194080 0.880731 -0.432025  260  246  297  299
e 3.423370  3.898146  3.938446  0.500 0.900 1.120    0.414018 0.656022 -0.631050   -0.680944 -0.236851 -0.692977   -0.604073 0.716615 0.348653  44  158  493  90
e 7.310930  6.802716  8.170969  0.500 0.900 1.120    0.905790 -0.127944 0.403948   0.232524 -0.646873 -0.726284   0.354227 0.751789 -0.556181  242  192  53  236
e 7.714284  5.320966  1.391851  0.500 0.900 1.120    -0.700986 0.668565 0.248273   0.553452 0.290409 0.780611   0.449788 0.684605 -0.573591  235  283  178  284
d 7.472067  1.611266  6.873969  0.500 0.900 1.120    0.875939 -0.445764 0.184461   0.456311 0.641477 -0.616675   0.156564 0.624341 0.765302  167  266  198  -1
e 0.140564  4.796751  1.563959  0.500 0.900 1.120    -0.385328 0.447861 -0.806810   -0.449327 0.672611 0.587963   0.805995 0.589080 -0.057940  482  442  410  413
e 6.693704  5.311818  0.992813  0.500 0.900 1.120    -0.404816 0.882327 -0.240049   0.584405 0.047741 -0.810057   -0.703274 -0.468210 -0.534963  99  184  105  175
e 6.287626  8.446459  3.437699  0.500 0.900 1.120    -0.890296 0.387074 -0.239889   -0.129599 -0.720368 -0.681376   -0.436551 -0.575537 0.691505  477  60  180  66
e 5.676304  0.084018  3.407956  0.500 0.900 1.120    0.944373 -0.296327 0.142652   -0.297648 -0.585629 0.753953   -0.139876 -0.754473 -0.641253  179  74  212  252
e 5.773649  8.115232  6.545362  0.500 0.900 1.120    0.853567 0.344790 0.390567   -0.460375 0.850115 0.255655   -0.243880 -0.398027 0.884363  120  109  367  6
e 8.053916  7.695084  4.968158  0.500 0.900 1.120    0.832161 0.550123 -0.069799   0.548099 -0.796845 0.254214   0.084230 -0.249804 -0.964626  429  318  304  416
c 1.309404  4.650050  0.097273  0.500 0.900 1.120    -0.443652 0.521255 -0.729017   0.879537 0.409373 -0.242546   0.172012 -0.748803 -0.640083  -1  -1  360  233
e 5.946789  4.629745  1.161739  0.500 0.900 1.120    -0.628439 0.186713 0.755118   -0.080112 0.950066 -0.301590   -0.773723 -0.250025 -0.582100  225  347  269  178
e 4.705655  7.690221  1.553718  0.500 0.900 1.120    0.857929 -0.463218 -0.222233   0.116704 -0.245541 0.962336   -0.500339 -0.851551 -0.156597  106  65  68  249
e 3.917596  1.387268  7.435031  0.500 0.900 1.120    0.348605 0.912417 0.214407   -0.912450 0.278080 0.300177   0.214264 -0.300279 0.929475  465  127  157  209
e 5.163126  6.225294  3.625571  0.500 0.900 1.120    0.838887 0.125417 -0.529660   0.205387 -0.974094 0.094644   -0.504069 -0.188181 -0.842913  154  227  314  107
e 3.969873  0.530979  5.280642  0.500 0.900 1.120    -0.844372 -0.445552 0.297524   0.515222 -0.827567 0.222890   0.146912 0.341493 0.928332  470  140  125  101
e 6.496120  7.174047  5.593579  0.500 0.900 1.120    0.118946 -0.924282 0.362704   0.211629 -0.333303 -0.918761   0.970085 0.186041 0.155960  276  367  230  244
e 4.963517  8.866993  0.449350  0.500 0.900 1.120    0.983693 -0.176259 -0.035784   -0.069071 -0.186516 -0.980021   0.166063 0.966511 -0.195649  138  117  68  505
e 4.810543  5.945932  8.102429  0.500 0.900 1.120    -0.590882 0.014007 -0.806636   -0.784791 -0.241710 0.570683   -0.186978 0.970247 0.153815  104  296  160  238
e 6.864180  7.674912  8.433932  0.500 0.900 1.120    -0.450622 0.095663 0.887574   -0.578668 0.725775 -0.372014   -0.679767 -0.681249 -0.271693  57  174  313  135
e 4.490455  0.402856  8.645284  0.500 0.900 1.120    0.139478 -0.543937 0.827453   -0.398782 0.734009 0.549731   -0.906377 -0.406649 -0.114534  121  127  138  202
d 4.478874  3.534403  6.037822  0.500 0.900 1.120    0.408699 0.890621 -0.199398   -0.731612 0.189092 -0.654972   -0.545627 0.413568 0.728871  95  88  35  -1
e 6.693770  6.967328  1.868654  0.500 0.900 1.120    0.491920 -0.861080 -0.128671   0.853263 0.506188 -0.125364   0.173080 -0.048121 0.983731  356  69  105  307
c 0.199253  4.433980  4.356634  0.500 0.900 1.120    -0.520061 -0.829837 0.202253   -0.035420 -0.215638 -0.975831   0.853394 -0.514655 0.082752  339  -1  -1  436
e 5.441609  0.999020  5.128460  0.500 0.900 1.120    -0.977322 0.200649 -0.067696   -0.186055 -0.660963 0.726988   0.101125 0.723097 0.683305  396  397  499  14
d 7.561739  0.526931  7.078354  0.500 0.900 1.120    -0.889468 0.419252 -0.181863   -0.361138 -0.888703 -0.282464   -0.280046 -0.185565 0.941881  143  248  176  -1
d 8.477960  0.131752  6.930246  0.500 0.900 1.120    -0.224388 -0.462185 -0.857925   -0.109458 0.886757 -0.449089   0.968333 -0.006864 -0.249568  329  432  141  -1
e 9.152468  0.331884  0.586379  0.500 0.900 1.120    0.782437 -0.294088 -0.548913   -0.305433 0.586920 -0.749824   0.542682 0.754346 0.369403  469  395  5  265
d 6.715409  2.857195  0.723147  0.500 0.900 1.120    0.556551 -0.602024 -0.572554   -0.115249 0.626542 -0.770819   0.822781 0.494987 0.279320  -1  282  275  218
e 4.768671  1.408871  8.726480  0.500 0.900 1.120    0.928633 0.275630 -0.248334   0.140834 0.357364 0.923286   0.343231 -0.892367 0.293042  1  193  257  403
e 3.931103  2.042135  1.579411  0.500 0.900 1.120    0.113937 0.379661 -0.918083   0.392069 0.831914 0.392684   0.912853 -0.404693 -0.054068  96  467  473  165
d 6.925664  2.018446  1.445379  0.500 0.900 1.120    0.214151 -0.676064 0.705037   0.836915 0.499187 0.224466   -0.503698 0.541987 0.672710  305  -1  149  163
d 6.575380  1.129578  6.862558  0.500 0.900 1.120    -0.850543 0.440723 -0.286950   0.304367 0.857483 0.414829   0.428879 0.265492 -0.863468  206  262  7  -1
e 6.339486  2.056845  6.440189  0.500 0.900 1.120    0.436871 -0.336830 0.834080   0.538379 0.840737 0.057528   -0.720619 0.423918 0.548636  144  152  205  380
e 5.620048  2.092588  8.519770  0.500 0.900 1.120    0.647557 0.097227 -0.755789   -0.408740 0.881389 -0.236822   0.643119 0.462277 0.610490  161  112  85  94
e 7.893046  5.231377  7.547883  0.500 0.900 1.120    -0.315423 0.837847 -0.445556   -0.863569 -0.448079 -0.231245   -0.393393 0.311828 0.864873  236  229  391  294
e 3.347185  1.034333  6.664090  0.500 0.900 1.120    0.085869 0.972827 -0.215022   0.057386 -0.220290 -0.973745   -0.994652 0.071275 -0.074743  86  406  186  470
d 4.245475  6.542913  0.056816  0.500 0.900 1.120    0.872504 -0.344216 0.346773   -0.484557 -0.700754 0.523591   0.062775 -0.624867 -0.778203  47  -1  111  426
b 6.535900  9.174611  1.670925  0.500 0.900 1.120    0.905519 0.339237 -0.254860   0.255487 -0.915484 -0.310829   -0.338765 0.216348 -0.915659  -1  162  -1  -1
e 6.575549  0.592995  3.385542  0.500 0.900 1.120    0.142693 -0.875981 -0.460756   0.610535 0.444303 -0.655623   0.779029 -0.187754 0.598216  131  133  180  261
e 4.634374  3.979142  2.001025  0.500 0.900 1.120    -0.566878 -0.332218 -0.753844   -0.068093 0.930844 -0.359016   0.820983 -0.152187 -0.550296  82  220  89  48
d 4.474266  4.880922  3.701321  0.500 0.900 1.120    -0.129593 0.847857 0.514144   -0.758910 0.248905 -0.601749   -0.638170 -0.468171 0.611191  18  493  -1  48
d 5.691526  5.145196  5.686339  0.500 0.900 1.120    0.916657 -0.107226 -0.385023   0.122454 0.992358 0.015172   0.380454 -0.061055 0.922782  223  38  -1  51
d 8.545750  2.117725  8.389118  0.500 0.900 1.120    0.566636 -0.780313 0.264641   -0.007505 0.316278 0.948637   -0.823934 -0.539518 0.173358  459  272  -1  273
e 5.909731  4.249342  6.252932  0.500 0.900 1.120    0.683696 0.729600 0.015640   0.725218 -0.681667 0.096898   0.081358 -0.054906 -0.995171  336  35  79  226
e 5.722705  3.226485  0.710905  0.500 0.900 1.120    0.942349 0.194374 -0.272392   0.334214 -0.587379 0.737080   -0.016729 -0.785624 -0.618478  201  328  347  221
c 6.114363  2.461452  2.177332  0.500 0.900 1.120    0.947433 0.296511 0.120215   0.310011 -0.943670 -0.115675   0.079145 0.146862 -0.985986  -1  221  -1  132
e 5.386649  3.773323  2.667648  0.500 0.900 1.120    -0.739572 -0.549813 -0.388251   -0.654571 0.721853 0.224645   0.156747 0.420279 -0.893754  213  269  27  483
d 5.286655  3.028394  1.718265  0.500 0.900 1.120    -0.108300 0.954500 -0.277849   -0.991756 -0.084480 0.096350   0.068494 0.285993 0.955780  -1  219  218  96
e 4.705480  2.253322  4.501891  0.500 0.900 1.120    -0.859547 0.286213 -0.423393   -0.279956 -0.956802 -0.078447   -0.427556 0.051102 0.902543  10  281  75  499
c 6.274526  5.785316  6.369799  0.500 0.900 1.120    -0.313156 0.065848 -0.947416   0.703748 -0.653777 -0.278055   -0.637708 -0.753817 0.158394  215  -1  230  -1
e 1.251704  1.827972  7.474695  0.500 0.900 1.120    -0.264065 -0.459019 0.848276   0.354002 -0.864238 -0.357457   0.897192 0.205899 0.390708  256  390  286  319
e 5.239066  5.362090  0.743222  0.500 0.900 1.120    -0.849663 0.450973 0.273305   0.276746 -0.059827 0.959079   0.448870 0.890530 -0.073972  488  99  47  184
e 6.112412  3.651180  7.140254  0.500 0.900 1.120    0.916019 -0.021818 0.400541   0.006346 0.999183 0.039914   -0.401084 -0.034020 0.915409  103  64  144  217
d 4.151017  6.506246  3.449949  0.500 0.900 1.120    0.542081 0.779133 0.314802   0.584160 -0.618688 0.525340   0.604074 -0.100883 -0.790517  187  475  -1  18
d 7.475325  5.122803  4.207555  0.500 0.900 1.120    -0.853263 0.215569 0.474840   0.494625 0.622998 0.605986   -0.165193 0.751933 -0.638207  231  474  -1  237
e 8.458869  5.347365  8.449820  0.500 0.900 1.120    -0.465793 -0.874942 -0.132341   -0.884888 0.461080 0.066165   0.003130 0.147926 -0.988993  208  353  377  291
e 5.729428  6.644619  6.159029  0.500 0.900 1.120    -0.057811 0.447486 -0.892420   -0.312356 -0.857142 -0.409562   -0.948204 0.255076 0.189327  164  109  189  223
e 6.953787  5.912946  4.618431  0.500 0.900 1.120    0.493144 0.006457 -0.869924   -0.868883 0.053114 -0.492160   0.043027 0.998568 0.031804  309  276  228  155
d 5.557534  3.620375  4.567819  0.500 0.900 1.120    -0.402556 0.042843 -0.914392   -0.118403 0.988076 0.098422   0.907706 0.147887 -0.392683  357  21  -1  35
d 2.189677  4.968542  0.564624  0.500 0.900 1.120    0.420352 0.163970 0.892423   0.353891 0.876019 -0.327647   -0.835503 0.453547 0.310209  487  183  401  -1
d 1.230298  5.467009  2.559794  0.500 0.900 1.120    0.095141 -0.117841 0.988464   -0.406961 0.901596 0.146655   -0.908477 -0.416219 0.037822  290  -1  91  433
e 8.131679  6.236267  1.480826  0.500 0.900 1.120    0.106712 0.044227 0.993306   -0.294206 0.955679 -0.010945   -0.949766 -0.291069 0.114995  356  175  358  317
e 7.048929  5.829476  7.852261  0.500 0.900 1.120    0.156176 -0.951160 0.266277   -0.517204 0.150922 0.842450   -0.841492 -0.269290 -0.468374  415  308  208  174
e 8.371402  4.868188  4.713477  0.500 0.900 1.120    -0.324996 -0.626980 0.708007   -0.535945 -0.494719 -0.684116   0.779192 -0.601788 -0.175245  293  430  278  228
e 4.963706  5.084006  8.747334  0.500 0.900 1.120    -0.164293 0.985311 0.046576   0.937416 0.170655 -0.303526   -0.307016 -0.006206 -0.951684  191  22  47  110
e 0.068236  8.018098  5.911319  0.500 0.900 1.120    0.604823 0.311044 0.733103   0.665964 0.307226 -0.679783   -0.436671 0.899369 -0.021326  374  304  368  431
d 0.100718  3.850824  8.239488  0.500 0.900 1.120    0.215078 0.222592 -0.950891   -0.347433 0.927418 0.138513   0.912706 0.300580 0.276803  25  345  -1  377
e 7.502726  9.148075  0.798053  0.500 0.900 1.120    0.657216 -0.565920 -0.497797   -0.477602 0.198238 -0.855919   0.583064 0.800273 -0.140000  265  352  264  168
e 8.331343  6.961271  7.883149  0.500 0.900 1.120    -0.454831 0.393006 0.799172   -0.884482 -0.094526 -0.456899   -0.104021 -0.914665 0.390600  174  353  447  128
d 6.239873  0.283166  0.076645  0.500 0.900 1.120    -0.119137 -0.974853 -0.188329   0.887292 -0.019416 -0.460799   0.445555 -0.222001 0.867293  -1  399  138  251
e 5.987585  7.278007  4.617107  0.500 0.900 1.120    0.876880 0.326648 0.352679   0.296005 0.211169 -0.931552   -0.378765 0.921254 0.088481  60  59  189  314
e 7.454409  0.283809  5.067812  0.500 0.900 1.120    0.786923 0.413843 0.457697   -0.442713 0.895356 -0.048408   -0.429835 -0.164535 0.887790  334  255  311  133
d 8.430368  0.190207  3.943773  0.500 0.900 1.120    -0.236203 -0.574452 -0.783717   -0.938952 -0.072703 0.336280   -0.250155 0.815303 -0.522210  131  -1  172  311
