4032
13.118353 12.983802 45.523538  Offset: 0.000000 -0.000000 -0.000000
a 1.431212  1.621917  44.910480  1.000000 -0.705621 -0.130004 -0.696561   -0.213952 -0.898055 0.384345    -0.675517 0.420233 0.605872 
a 1.216325  5.226661  44.743009  1.000000 -0.099108 -0.833169 0.544066   -0.992627 0.121123 0.004667    -0.069787 -0.539591 -0.839030 
a 1.899583  1.805803  43.572621  1.000000 -0.368342 -0.518777 -0.771489   -0.863254 -0.117213 0.490973    -0.345134 0.846836 -0.404662 
a 12.716145  4.363010  42.481194  1.000000 -0.930425 0.126320 0.344023   -0.196925 -0.964010 -0.178622    0.309078 -0.233942 0.921815 
a 12.509220  1.582054  45.162222  1.000000 -0.578977 -0.335744 -0.743008   0.536250 0.529648 -0.657197    0.614183 -0.778941 -0.126611 
a 0.754400  2.956627  43.922957  1.000000 -0.603409 -0.797272 0.015977   -0.757825 0.579559 0.299687    -0.248192 0.168726 -0.953904 
a 2.179823  2.848245  0.594190  1.000000 -0.173827 -0.268992 -0.947326   -0.967684 -0.131791 0.214985    -0.182679 0.954083 -0.237391 
a 11.947274  2.712503  42.260951  1.000000 0.734264 0.650414 0.194469   0.631331 -0.759540 0.156591    0.249556 0.007795 -0.968329 
a 10.373265  1.003975  0.497128  1.000000 0.194481 0.978294 0.071539   0.713797 -0.091121 -0.694400    -0.672809 0.186111 -0.716025 
a 12.581421  4.932977  45.145446  1.000000 0.852034 -0.519136 0.067344   0.521920 0.852370 -0.032632    -0.040461 0.062952 0.997196 
a 0.832085  1.862283  0.231258  1.000000 -0.201474 0.871583 -0.446936   0.755868 0.428548 0.494985    0.622954 -0.238098 -0.745142 
a 1.078349  4.903162  0.908900  1.000000 0.460210 0.242425 -0.854071   -0.808816 0.511167 -0.290731    0.366092 0.824584 0.431321 
a 1.753963  1.950953  1.549249  1.000000 -0.931068 -0.333475 0.148013   0.066006 0.245032 0.967266    -0.358826 0.910359 -0.206129 
a 12.108518  1.633073  3.277437  1.000000 0.021975 0.954599 0.297082   0.161161 0.289885 -0.943395    -0.986683 0.068610 -0.147474 
a 12.585841  1.332195  1.121320  1.000000 0.076473 0.619880 0.780962   0.471994 -0.712443 0.519275    0.878279 0.328899 -0.347062 
a 11.592793  3.005099  0.992645  1.000000 0.356922 -0.124633 0.925783   0.797427 0.556837 -0.232472    -0.486537 0.821218 0.298133 
a 1.129636  0.803811  2.728233  1.000000 -0.253387 0.320720 0.912652   -0.509587 -0.846181 0.155880    0.822263 -0.425577 0.377846 
a 0.633760  2.406288  3.442758  1.000000 0.340390 -0.291733 0.893883   -0.895187 0.190335 0.403005    -0.287707 -0.937371 -0.196367 
a 0.715408  1.124293  3.867121  1.000000 -0.268220 -0.134179 0.953968   0.944165 -0.233294 0.232650    0.191338 0.963104 0.189261 
a 12.616924  3.077392  0.268598  1.000000 -0.713949 0.080256 0.695583   0.664773 -0.234285 0.709357    0.219895 0.968850 0.113915 
a 12.831437  0.648641  4.255632  1.000000 0.190566 -0.662426 0.724484   -0.919313 0.138422 0.368378    -0.344308 -0.736228 -0.582598 
a 0.875266  2.404264  4.720759  1.000000 -0.734334 0.175879 0.655607   -0.668235 -0.017662 -0.743741    -0.119228 -0.984253 0.130498 
a 0.504302  1.423299  5.242617  1.000000 -0.117002 0.446822 0.886939   0.923041 -0.280628 0.263139    0.366477 0.849469 -0.379602 
a 12.580495  2.505486  4.070948  1.000000 -0.441417 0.652719 0.615718   0.896205 0.286786 0.338482    0.044355 0.701221 -0.711563 
a 12.818242  0.545901  5.613054  1.000000 0.158913 -0.432909 0.887320   -0.961042 0.138039 0.239463    -0.226151 -0.890806 -0.394108 
a 12.385561  2.162845  7.072453  1.000000 -0.270799 -0.119672 0.955168   -0.956514 0.145174 -0.252992    -0.108390 -0.982142 -0.153781 
a 0.525845  0.824506  6.715887  1.000000 0.542859 0.444051 0.712827   0.808004 -0.044733 -0.587476    -0.228982 0.894884 -0.383079 
a 0.172526  2.508722  6.226834  1.000000 -0.703620 -0.176436 0.688323   0.682639 0.101108 0.723727    -0.197286 0.979106 0.049300 
a 12.842476  0.015409  7.104798  1.000000 0.105972 0.118763 0.987251   -0.965904 -0.223562 0.130574    0.236220 -0.967427 0.091023 
a 12.877947  11.786782  7.447809  1.000000 0.161751 -0.327270 0.930984   -0.468096 -0.855965 -0.219570    0.868748 -0.400274 -0.291647 
a 0.877634  1.108092  7.883913  1.000000 0.243604 0.709729 -0.661016   -0.943175 0.014539 -0.331978    -0.226004 0.704325 0.672941 
a 11.163211  2.642736  6.614049  1.000000 0.296765 -0.022497 0.954685   0.952604 0.077008 -0.294304    -0.066897 0.996777 0.044284 
a 12.996017  0.261027  8.369685  1.000000 0.056042 -0.205655 -0.977019   -0.577107 0.791855 -0.199782    0.814743 0.575041 -0.074308 
a 0.476932  1.893039  9.187691  1.000000 0.909167 0.406245 0.091543   -0.292975 0.467763 0.833885    0.295941 -0.784961 0.544294 
a 0.954922  0.642506  9.426617  1.000000 -0.045461 0.121718 0.991523   0.998367 0.039919 0.040875    -0.034605 0.991762 -0.123334 
a 0.662279  2.342937  8.161103  1.000000 -0.032112 -0.104744 0.993981   0.522756 0.845864 0.106024    -0.851878 0.523014 0.027593 
a 13.083772  0.407836  9.383012  1.000000 -0.075470 0.079824 0.993948   -0.997123 -0.013148 -0.074655    0.007109 -0.996722 0.080587 
a 0.781216  1.745447  10.676272  1.000000 0.095564 0.016618 0.995285   -0.994821 0.036363 0.094913    -0.034614 -0.999200 0.020007 
a 0.913800  0.515137  10.489600  1.000000 -0.192746 0.071401 0.978647   0.976865 -0.080202 0.198247    0.092644 0.994218 -0.054291 
a 13.080634  2.562379  10.519259  1.000000 -0.037868 0.293426 0.955231   0.998546 -0.025594 0.047447    0.038371 0.955639 -0.292030 
a 12.998901  0.171911  10.796766  1.000000 0.162863 -0.162383 0.973194   -0.982370 0.065073 0.175257    -0.091788 -0.984580 -0.148922 
a 1.025977  1.991101  11.839327  1.000000 -0.128365 0.135256 0.982460   -0.991615 -0.032426 -0.125097    0.014937 -0.990280 0.138285 
a 1.156213  0.985906  11.800063  1.000000 0.072398 0.064936 0.995260   0.997166 0.015750 -0.073564    -0.020453 0.997765 -0.063611 
a 0.222317  2.524977  11.700964  1.000000 -0.006332 0.191193 0.981532   0.999916 0.012335 0.004047    -0.011334 0.981475 -0.191255 
a 0.212149  0.502268  11.768663  1.000000 0.192621 -0.139742 0.971272   -0.981270 -0.024984 0.191009    -0.002425 -0.989873 -0.141937 
a 0.686333  1.943683  13.010753  1.000000 0.012575 -0.208071 0.978033   -0.995064 -0.098896 -0.008245    0.098439 -0.973101 -0.208288 
a 0.725784  0.767067  12.992710  1.000000 0.178045 0.015153 0.983906   0.982962 0.043666 -0.178547    -0.045669 0.998931 -0.007121 
a 12.993261  2.625045  12.931450  1.000000 0.309283 -0.020342 0.950753   0.946769 0.100456 -0.305837    -0.089288 0.994733 0.050329 
a 12.975968  0.168668  13.005788  1.000000 0.273878 -0.000074 0.961765   -0.955371 -0.115136 0.272048    0.110714 -0.993350 -0.031604 
a 0.754596  2.103541  14.099397  1.000000 0.065690 -0.108407 0.991934   -0.990780 0.110957 0.077739    -0.118489 -0.987895 -0.100118 
a 1.061521  0.708462  14.173787  1.000000 0.079978 -0.224691 0.971142   0.995941 -0.022347 -0.087191    0.041293 0.974174 0.221991 
a 12.827799  2.394436  14.026830  1.000000 0.119705 -0.100023 0.987758   0.992473 -0.013846 -0.121679    0.025848 0.994889 0.097613 
a 0.242704  0.075175  14.257270  1.000000 -0.178904 -0.075881 0.980936   -0.983781 0.000650 -0.179373    0.012974 -0.997117 -0.074766 
a 1.153498  1.815977  15.274582  1.000000 -0.130373 0.311904 0.941126   -0.991455 -0.045238 -0.122352    0.004413 -0.949036 0.315137 
a 1.215080  0.675229  15.347317  1.000000 0.106138 -0.043184 0.993413   0.994330 0.011163 -0.105751    -0.006523 0.999005 0.044124 
a 0.165320  2.292030  15.232093  1.000000 -0.026643 0.079909 0.996446   0.999622 0.008854 0.026018    -0.006744 0.996763 -0.080115 
a 0.135596  0.167040  15.329202  1.000000 -0.085399 0.049033 0.995140   -0.996345 -0.006321 -0.085191    0.002113 -0.998777 0.049394 
a 0.815883  1.672785  16.392786  1.000000 -0.028962 -0.132329 0.990783   -0.994685 0.101793 -0.015481    -0.098807 -0.985965 -0.134574 
a 0.969365  0.620174  16.349450  1.000000 -0.042811 -0.081743 0.995734   0.999074 -0.007701 0.042322    0.004209 0.996624 0.081997 
a 0.081844  2.352975  16.350021  1.000000 -0.006835 -0.060282 0.998158   0.997660 -0.068320 0.002705    0.068031 0.995841 0.060608 
a 12.479154  0.507528  17.365591  1.000000 -0.221395 -0.028799 0.974759   -0.652599 -0.738377 -0.170039    0.724637 -0.673773 0.144679 
a 1.201294  1.817295  17.489171  1.000000 -0.070778 -0.284169 0.956158   -0.979772 0.199682 -0.013181    -0.187182 -0.937750 -0.292554 
a 0.920355  0.642959  17.397882  1.000000 -0.241951 -0.049890 0.969005   0.952057 -0.204892 0.227170    0.187208 0.977512 0.097072 
a 0.201916  2.398398  17.373870  1.000000 -0.022872 -0.015294 0.999621   0.999470 0.022796 0.023218    -0.023143 0.999623 0.014765 
a 0.157011  0.323845  18.455325  1.000000 0.107809 0.118228 -0.987117   -0.463576 0.884331 0.055287    0.879474 0.451643 0.150146 
a 1.041100  1.923560  18.761778  1.000000 0.049649 -0.104745 0.993259   -0.995312 -0.087835 0.040488    0.083002 -0.990613 -0.108615 
a 1.001278  0.864852  18.670550  1.000000 -0.082646 -0.029626 0.996139   0.996231 -0.028884 0.081794    0.026349 0.999144 0.031902 
a 13.084639  2.481286  18.591160  1.000000 0.202950 0.123702 0.971344   0.976879 -0.093675 -0.192177    0.067218 0.987888 -0.139853 
a 0.127834  12.828692  19.635935  1.000000 -0.009970 -0.027971 0.999559   -0.992701 -0.119870 -0.013256    0.120188 -0.992395 -0.026572 
a 0.935942  1.752503  19.928690  1.000000 0.120088 0.144309 0.982219   -0.990215 -0.053430 0.128916    0.071084 -0.988089 0.136481 
a 0.819839  0.678301  19.667718  1.000000 -0.215049 -0.074339 0.973770   0.970258 0.097218 0.221695    -0.111149 0.992483 0.051221 
a 0.030071  2.132098  19.833929  1.000000 0.048719 -0.020893 0.998594   0.998602 0.021545 -0.048269    -0.020507 0.999550 0.021913 
a 13.108681  0.021823  20.912877  1.000000 -0.175356 -0.076491 0.981529   -0.984505 0.013481 -0.174837    0.000141 -0.996979 -0.077669 
a 0.918385  1.829720  21.060866  1.000000 0.319007 0.001932 0.947750   -0.947727 0.007922 0.318983    -0.006892 -0.999967 0.004358 
a 0.694978  0.763231  20.911080  1.000000 -0.130976 0.090465 0.987249   0.991060 -0.013568 0.132724    0.025402 0.995807 -0.087879 
a 13.040711  2.201122  21.174094  1.000000 0.200160 -0.074275 0.976944   0.975183 0.111408 -0.191329    -0.094629 0.990995 0.094731 
a 0.198045  12.959418  22.028252  1.000000 -0.295704 0.033533 0.954691   -0.947723 0.115157 -0.297591    -0.119919 -0.992781 -0.002273 
a 1.277917  1.771676  22.088480  1.000000 0.170635 0.056453 0.983716   -0.978398 0.127954 0.162370    -0.116704 -0.990172 0.077067 
a 0.971897  0.758821  22.012225  1.000000 -0.103055 0.034739 0.994069   0.990290 -0.090163 0.105814    0.093304 0.995321 -0.025110 
a 0.064877  2.047001  22.203630  1.000000 0.190143 -0.015550 0.981633   0.979644 -0.062549 -0.190748    0.064366 0.997921 0.003341 
a 0.427403  12.864984  23.184357  1.000000 -0.057422 0.075941 0.995458   -0.992496 -0.112160 -0.048694    0.107953 -0.990784 0.081811 
a 1.001379  1.443591  23.202294  1.000000 0.056864 0.031214 0.997894   -0.977703 -0.200636 0.061989    0.202148 -0.979169 0.019109 
a 1.225589  0.422984  23.210413  1.000000 -0.019757 0.071527 0.997243   0.990678 0.135867 0.009882    -0.134786 0.988142 -0.073544 
a 0.091237  2.113098  23.269819  1.000000 0.074410 -0.039952 0.996427   0.994358 0.078717 -0.071100    -0.075595 0.996096 0.045584 
a 0.376856  12.909524  24.188761  1.000000 -0.089804 0.107077 0.990187   -0.975855 -0.208214 -0.065989    0.199105 -0.972204 0.123190 
a 1.546658  1.608798  24.253421  1.000000 0.107422 0.126458 0.986138   -0.992704 -0.040993 0.113394    0.054764 -0.991125 0.121132 
a 1.298262  0.527007  24.294596  1.000000 0.098899 0.089230 0.991089   0.983299 0.144152 -0.111100    -0.152781 0.985524 -0.073483 
a 0.184088  1.915949  24.377534  1.000000 -0.082414 -0.165860 -0.982700   0.664412 -0.744094 0.069867    -0.742809 -0.647159 0.171523 
a 0.234523  12.659058  25.267803  1.000000 -0.214460 -0.047456 0.975579   -0.973342 -0.072767 -0.217508    0.081312 -0.996219 -0.030586 
a 1.177194  1.256131  25.307081  1.000000 0.015688 0.059090 0.998129   -0.998639 0.050587 0.012701    -0.049742 -0.996970 0.059803 
a 1.230091  0.298131  25.376219  1.000000 0.077097 -0.003660 0.997017   0.996107 -0.042586 -0.077183    0.042741 0.999086 0.000363 
a 0.341142  2.150667  25.470978  1.000000 0.229455 0.119852 0.965912   0.967168 0.083320 -0.240092    -0.109255 0.989289 -0.096799 
a 0.347034  12.748342  26.359962  1.000000 -0.113669 -0.191030 0.974980   -0.993516 0.023910 -0.111146    -0.002080 -0.981293 -0.192509 
a 1.146125  1.261494  26.443435  1.000000 -0.107938 -0.020501 0.993946   -0.990698 0.085554 -0.105821    -0.082867 -0.996123 -0.029545 
a 1.294107  0.263917  26.421212  1.000000 0.106005 -0.145335 0.983687   0.993075 -0.034917 -0.112176    0.050650 0.988766 0.140627 
a 0.518220  2.166568  26.696620  1.000000 0.242098 -0.061151 0.968323   0.967402 -0.061228 -0.245734    0.074315 0.996249 0.044335 
a 0.194031  12.599539  27.386151  1.000000 -0.008852 -0.032442 0.999434   -0.999220 -0.038176 -0.010089    0.038481 -0.998744 -0.032079 
a 1.236803  1.378210  27.573453  1.000000 0.163371 0.029518 0.986123   -0.986091 0.035841 0.162293    -0.030553 -0.998921 0.034963 
a 1.154003  0.133829  27.545511  1.000000 -0.064634 -0.095294 0.993349   0.987595 0.136642 0.077368    -0.143106 0.986026 0.085280 
a 0.372939  1.985770  27.709247  1.000000 0.065141 -0.168507 0.983546   0.996658 -0.037698 -0.072469    0.049290 0.984979 0.165488 
a 0.397660  12.617949  28.718488  1.000000 -0.052717 -0.010102 0.998558   -0.980950 -0.186698 -0.053676    0.186971 -0.982365 -0.000067 
a 1.023833  1.650817  28.815612  1.000000 -0.227101 -0.055298 0.972300   -0.971988 -0.049190 -0.229826    0.060536 -0.997258 -0.042577 
a 1.196407  0.499063  28.713478  1.000000 -0.250974 -0.293041 0.922572   0.960657 0.041717 0.274586    -0.118952 0.955189 0.271042 
a 13.113997  1.959927  28.805339  1.000000 -0.052384 0.029644 0.998187   0.991607 0.119854 0.048479    -0.118200 0.992349 -0.035674 
a 0.076864  12.639833  30.077790  1.000000 -0.086273 -0.178281 0.980190   -0.993864 0.083753 -0.072243    -0.069215 -0.980409 -0.184413 
a 1.509831  1.200766  29.996278  1.000000 -0.012794 -0.072564 0.997282   -0.977317 -0.209947 -0.027814    0.211395 -0.975016 -0.068232 
a 1.233937  0.115944  29.817034  1.000000 -0.184302 0.007575 0.982840   0.975160 0.126413 0.181888    -0.122866 0.991949 -0.030685 
a 0.602100  1.743636  29.945777  1.000000 0.133257 0.149024 0.979813   0.987742 0.061118 -0.143631    -0.081289 0.986943 -0.139053 
a 0.451927  12.463047  31.131943  1.000000 -0.197108 -0.085293 0.976665   -0.966316 -0.151244 -0.208228    0.165475 -0.984810 -0.052608 
a 1.213869  1.350483  31.211601  1.000000 -0.015844 -0.148885 0.988728   -0.998507 -0.049335 -0.023429    0.052267 -0.987623 -0.147881 
a 1.160275  0.359126  30.898601  1.000000 -0.085426 -0.122777 0.988751   0.993043 0.070223 0.094516    -0.081037 0.989947 0.115924 
a 0.302851  1.910246  31.103205  1.000000 0.015503 0.295324 0.955271   0.998654 0.042718 -0.029414    -0.049494 0.954442 -0.294264 
a 0.296350  12.868436  32.201442  1.000000 -0.094104 -0.192006 0.976872   -0.995165 -0.009565 -0.097747    0.028112 -0.981347 -0.190178 
a 1.114428  1.250803  32.370350  1.000000 -0.158644 -0.166545 0.973188   -0.987176 0.009027 -0.159379    0.017759 -0.985993 -0.165841 
a 1.342171  0.284509  32.227323  1.000000 -0.257237 -0.207726 0.943758   0.962667 0.030082 0.269012    -0.084270 0.977725 0.192232 
a 0.406714  2.205811  32.211935  1.000000 0.094447 0.196845 0.975875   0.994580 0.024151 -0.101129    -0.043475 0.980137 -0.193497 
a 0.225485  12.735440  33.322005  1.000000 -0.248325 -0.158608 0.955604   -0.967033 0.098037 -0.235023    -0.056408 -0.982462 -0.177724 
a 1.093207  1.324668  33.361519  1.000000 -0.153204 -0.130453 0.979546   -0.987772 -0.008784 -0.155660    0.028911 -0.991416 -0.127512 
a 1.177935  0.327593  33.450935  1.000000 0.064563 -0.024893 0.997603   0.997820 -0.012091 -0.064879    0.013677 0.999617 0.024058 
a 0.212585  2.296749  33.285920  1.000000 0.161238 0.135863 0.977519   0.985775 0.025425 -0.166134    -0.047425 0.990401 -0.129831 
a 0.590123  0.071705  34.515065  1.000000 0.010410 -0.060624 0.998106   -0.998360 -0.056824 0.006961    0.056294 -0.996542 -0.061116 
a 0.879363  1.555190  34.590692  1.000000 0.033818 -0.270607 0.962096   -0.999334 0.004058 0.036269    -0.013718 -0.962681 -0.270290 
a 1.889051  0.248008  34.507104  1.000000 -0.698499 -0.694575 0.172235   0.462624 -0.254662 0.849192    -0.545966 0.672839 0.499208 
a 0.016882  2.151850  34.579503  1.000000 -0.093843 -0.105363 0.989996   0.995547 -0.018807 0.092368    0.008886 0.994256 0.106659 
a 0.337235  0.113994  35.585696  1.000000 0.264098 0.963843 0.035475   -0.686342 0.161965 0.709015    0.677633 -0.211597 0.704301 
a 1.170933  1.056516  35.661674  1.000000 -0.080396 0.059636 0.994977   0.702253 0.711788 0.014081    -0.707374 0.699858 -0.099104 
a 2.064122  12.222150  35.363505  1.000000 0.392736 0.345386 0.852330   -0.490421 -0.705365 0.511808    0.777976 -0.619006 -0.107638 
a 12.649025  1.420948  35.586794  1.000000 0.136316 0.573537 0.807759   0.331993 0.741774 -0.582711    -0.933380 0.347603 -0.089294 
a 0.002826  1.000737  36.903259  1.000000 0.438740 -0.348225 -0.828400   -0.427074 -0.891901 0.148730    -0.790642 0.288534 -0.540031 
a 0.828809  2.319895  37.577049  1.000000 -0.276855 -0.722591 -0.633414   0.517536 -0.667534 0.535308    -0.809634 -0.179611 0.558777 
a 12.732238  1.446619  37.817932  1.000000 0.472455 -0.618020 0.628361   -0.046072 0.694656 0.717865    -0.880150 -0.368108 0.299720 
a 11.385052  1.362236  36.985538  1.000000 -0.512815 0.127163 -0.849029   -0.581866 -0.778645 0.234827    -0.631231 0.614444 0.473293 
a 11.264481  11.522818  37.557021  1.000000 0.138882 -0.762742 0.631615   -0.984635 -0.174533 0.005738    0.105861 -0.622707 -0.775261 
a 11.918676  1.024784  38.111733  1.000000 0.885669 0.309350 -0.346255   0.340070 -0.939918 0.030110    -0.316137 -0.144419 -0.937657 
a 0.406763  12.927344  37.936873  1.000000 -0.327933 0.258998 0.908504   -0.883089 -0.425655 -0.197413    0.335580 -0.867028 0.368305 
a 13.021870  2.526850  39.532641  1.000000 -0.627012 -0.775980 0.068641   0.735165 -0.560277 0.381603    -0.257659 0.289732 0.921774 
a 11.814346  11.657824  39.072288  1.000000 0.046439 0.235063 0.970870   -0.001028 -0.971907 0.235364    0.998921 -0.011928 -0.044893 
a 13.065853  0.600435  38.884156  1.000000 0.674913 -0.687334 0.268448   0.250623 0.555698 0.792710    -0.694033 -0.467730 0.547309 
a 12.115998  0.121877  39.204701  1.000000 -0.782485 -0.325873 0.530588   0.552021 -0.757284 0.348989    0.288080 0.565974 0.772453 
a 12.050172  1.132696  44.183537  1.000000 0.239326 0.568825 -0.786868   0.867379 0.238934 0.436538    0.436323 -0.786987 -0.436204 
a 12.138804  12.547740  42.928394  1.000000 -0.060136 0.888596 0.454732   -0.757810 0.255869 -0.600213    -0.649699 -0.380695 0.657999 
a 12.375929  1.935040  43.121602  1.000000 -0.159139 0.594685 -0.788051   -0.787440 0.405016 0.464652    0.595495 0.694487 0.403825 
a 11.164084  1.243168  41.674090  1.000000 0.634297 0.453989 -0.625748   0.705738 -0.670459 0.228952    -0.315597 -0.586838 -0.745667 
a 12.800275  12.425365  41.270637  1.000000 -0.504704 0.410162 -0.759632   -0.287776 -0.909530 -0.299899    -0.813916 0.067244 0.577079 
a 1.166589  4.062583  43.955910  1.000000 -0.485609 -0.796413 -0.360432   -0.199988 -0.300164 0.932688    -0.850993 0.525004 -0.013511 
a 2.163818  5.083666  41.904229  1.000000 -0.348850 0.766836 0.538763   -0.263755 -0.631975 0.728725    0.899298 0.112114 0.422721 
a 12.889751  3.001887  43.077149  1.000000 0.689122 -0.478537 -0.544163   -0.706553 -0.276966 -0.651208    0.160912 0.833242 -0.528975 
a 1.903132  7.193719  43.127574  1.000000 -0.141471 0.920524 0.364171   0.630995 0.367306 -0.683324    -0.762779 0.133120 -0.632809 
a 11.035820  1.980670  43.812450  1.000000 0.698369 0.379273 0.606987   -0.274099 -0.641685 0.716317    0.661174 -0.666628 -0.344174 
a 2.245854  4.568287  43.881672  1.000000 -0.770409 -0.532052 0.351269   0.609959 -0.454774 0.648946    -0.185525 0.714213 0.674892 
a 2.171354  2.521764  44.659543  1.000000 0.865892 0.494933 -0.072611   0.487086 -0.801153 0.347707    0.113919 -0.336444 -0.934788 
a 1.782019  7.129059  44.847794  1.000000 -0.957868 0.284853 -0.036709   0.039104 0.255970 0.965893    0.284534 0.923763 -0.256325 
a 1.210257  6.092861  43.899667  1.000000 -0.107363 -0.580242 0.807336   -0.917145 0.371286 0.144882    -0.383820 -0.724890 -0.572029 
a 2.919139  3.732130  44.685674  1.000000 0.796259 -0.373031 0.476255   -0.365474 -0.923977 -0.112671    0.482079 -0.084343 -0.872059 
a 1.707899  3.599003  44.736781  1.000000 -0.948791 -0.313742 -0.036912   0.274516 -0.876654 0.395119    -0.156325 0.364753 0.917888 
a 0.592822  6.525113  0.628866  1.000000 0.784388 -0.598288 0.163670   0.488631 0.758552 0.431091    -0.382069 -0.258169 0.887340 
a 12.381778  3.190152  3.326224  1.000000 0.813024 -0.332525 -0.477932   -0.325157 0.421609 -0.846474    0.482974 0.843607 0.234656 
a 12.968061  6.718926  3.820513  1.000000 -0.554695 0.178964 0.812579   0.525927 -0.681351 0.509079    0.644758 0.709741 0.283820 
a 12.806463  4.104372  3.640859  1.000000 0.832685 -0.249327 -0.494441   -0.546282 -0.515990 -0.659796    -0.090622 0.819506 -0.565860 
a 12.142819  7.181468  2.920437  1.000000 -0.650975 0.047194 -0.757631   0.749331 -0.119645 -0.651297    -0.121384 -0.991694 0.042522 
a 11.278947  3.883951  3.349586  1.000000 0.228508 0.098084 0.968588   -0.452331 -0.870306 0.194845    0.862079 -0.482646 -0.154506 
a 0.332169  5.407648  5.740001  1.000000 -0.677970 0.685439 0.265576   -0.629680 -0.355111 -0.690941    -0.379289 -0.635664 0.672362 
a 2.678620  4.327220  4.659213  1.000000 -0.040160 -0.970159 -0.239121   -0.044320 -0.237349 0.970413    -0.998210 0.049570 -0.033465 
a 0.747350  5.531871  4.141240  1.000000 0.654767 -0.134204 -0.743821   -0.234483 0.899488 -0.368700    0.718539 0.415826 0.557486 
a 0.235549  4.216659  4.505593  1.000000 -0.866186 0.426937 0.259706   -0.482708 -0.580369 -0.655870    -0.129290 -0.693467 0.708793 
a 1.230584  5.831296  5.847650  1.000000 -0.266375 -0.100519 0.958614   -0.562600 0.823764 -0.069954    -0.782640 -0.557950 -0.275982 
a 1.654651  4.279858  4.565307  1.000000 -0.987334 -0.145586 0.063065   0.110335 -0.344411 0.932313    -0.114011 0.927462 0.356112 
a 12.621858  6.070698  5.951339  1.000000 0.230739 0.049087 0.971777   0.969785 -0.092924 -0.225572    0.079229 0.994462 -0.069045 
a 13.106118  3.874417  5.643979  1.000000 -0.867100 0.334751 0.368890   -0.283196 0.277953 -0.917901    -0.409802 -0.900380 -0.146213 
a 0.705738  5.242396  7.253942  1.000000 -0.098497 0.195971 0.975650   -0.992950 -0.084319 -0.083307    0.065940 -0.976978 0.202895 
a 1.005621  4.021855  6.210995  1.000000 0.115065 -0.894287 -0.432448   0.992494 0.121655 0.012503    0.041428 -0.430640 0.901572 
a 12.952870  5.621225  7.209030  1.000000 -0.181872 0.095306 0.978693   0.980655 0.090839 0.173391    -0.072378 0.991295 -0.109983 
a 12.182706  3.903119  6.741647  1.000000 0.084528 -0.038080 0.995693   -0.522255 0.849323 0.076818    -0.848590 -0.526499 0.051904 
a 0.515979  4.813124  8.362629  1.000000 0.103668 0.188075 0.976668   -0.984363 0.160003 0.073673    -0.142414 -0.969034 0.201721 
a 12.921843  3.710358  8.045081  1.000000 -0.647183 -0.762308 -0.006312   0.756950 -0.641608 -0.123955    0.090442 -0.084999 0.992268 
a 12.777313  5.456487  8.278738  1.000000 -0.190587 -0.017435 0.981515   0.978654 -0.081694 0.188580    0.076896 0.996505 0.032633 
a 12.631868  3.417915  9.205493  1.000000 -0.029699 -0.010721 0.999501   -0.993959 0.106016 -0.028397    -0.105658 -0.994307 -0.013805 
a 0.686139  4.933027  9.367404  1.000000 0.021130 0.305904 0.951828   -0.998633 0.051978 0.005464    -0.047803 -0.950642 0.306584 
a 0.474323  3.869488  9.101138  1.000000 0.071209 -0.029866 0.997014   0.993447 -0.087458 -0.073574    0.089395 0.995720 0.023442 
a 12.734151  5.412820  9.358685  1.000000 -0.122118 -0.168690 0.978075   0.984962 -0.141941 0.098497    0.122214 0.975396 0.183487 
a 0.009697  3.656075  10.220233  1.000000 -0.102089 -0.049760 0.993530   -0.993022 0.064366 -0.098813    -0.059032 -0.996685 -0.055984 
a 0.872396  5.207651  10.620411  1.000000 0.085995 -0.024533 0.995994   -0.992200 0.088445 0.087846    -0.090246 -0.995779 -0.016736 
a 0.958655  4.023340  10.309314  1.000000 -0.023144 -0.151873 0.988129   0.990758 -0.135623 0.002361    0.133654 0.979051 0.153608 
a 12.937320  5.577024  10.631970  1.000000 0.290528 -0.221271 0.930931   0.953224 -0.017882 -0.301735    0.083412 0.975048 0.205725 
a 12.973848  3.590078  11.436035  1.000000 -0.028544 0.056127 0.998016   -0.995589 -0.090872 -0.023364    0.089380 -0.994280 0.058473 
a 0.880148  5.074725  11.701714  1.000000 0.047664 -0.033166 0.998313   -0.998861 0.000810 0.047717    -0.002391 -0.999450 -0.033089 
a 0.922463  3.992819  11.331319  1.000000 -0.189306 -0.260307 0.946786   0.980603 -0.000233 0.196004    -0.050801 0.965526 0.255302 
a 0.090382  5.667556  11.795773  1.000000 0.171346 0.103529 0.979756   0.984759 0.012128 -0.173503    -0.029845 0.994553 -0.099873 
a 13.054040  3.724210  12.407805  1.000000 -0.058810 -0.011413 0.998204   -0.990903 -0.120581 -0.059759    0.121046 -0.992638 -0.004217 
a 0.734276  5.168540  12.960800  1.000000 -0.177177 -0.046726 0.983069   -0.978962 -0.094344 -0.180921    0.101201 -0.994442 -0.029027 
a 1.003108  4.146263  12.477376  1.000000 -0.180469 0.110406 0.977364   0.983327 0.042822 0.176733    -0.022340 0.992964 -0.116293 
a 13.021694  5.777530  13.197961  1.000000 -0.003580 0.374723 0.927130   0.996591 0.077750 -0.027576    -0.082418 0.923871 -0.373724 
a 13.089064  3.564905  13.445875  1.000000 -0.160171 -0.023356 0.986813   -0.984003 -0.075219 -0.161495    0.077998 -0.996894 -0.010934 
a 0.749540  5.124257  14.265391  1.000000 0.334903 -0.193055 0.922263   -0.931490 0.079681 0.354933    -0.142008 -0.977947 -0.153143 
a 0.880309  4.014813  13.502275  1.000000 -0.051218 0.097144 0.993952   0.995216 0.087872 0.042695    -0.083193 0.991384 -0.101180 
a 12.780010  5.685954  14.795233  1.000000 -0.052073 -0.145511 0.987985   0.998477 0.010464 0.054167    -0.018220 0.989301 0.144744 
a 13.030044  3.295568  14.736538  1.000000 0.065128 -0.145951 0.987146   -0.997605 0.013576 0.067825    -0.023301 -0.989199 -0.144717 
a 0.803325  5.060226  15.418689  1.000000 0.380642 -0.187677 0.905477   -0.920550 -0.169818 0.351780    0.087746 -0.967439 -0.237406 
a 0.812382  4.088854  14.578739  1.000000 -0.186837 0.030275 0.981924   0.981182 -0.043820 0.188047    0.048721 0.998581 -0.021518 
a 0.173764  5.876084  16.282261  1.000000 0.038272 -0.041668 0.998398   0.999099 0.019923 -0.037467    -0.018330 0.998933 0.042393 
a 0.149433  3.457873  16.084299  1.000000 0.229621 0.007131 0.973254   -0.967787 -0.104422 0.229096    0.103262 -0.994508 -0.017077 
a 0.983937  5.080117  16.878350  1.000000 0.364799 0.410791 0.835567   -0.930584 0.131391 0.341686    0.030575 -0.902212 0.430207 
a 1.091380  3.956061  15.901923  1.000000 0.239336 0.321858 0.916038   0.956166 0.085807 -0.279970    -0.168713 0.942892 -0.287213 
a 0.313393  5.712254  17.292523  1.000000 0.115683 -0.027753 0.992898   0.989761 -0.080925 -0.117579    0.083614 0.996334 0.018107 
a 0.166836  3.660162  17.390185  1.000000 0.261138 0.280347 0.923695   -0.964406 0.034573 0.262155    0.041559 -0.959276 0.279397 
a 1.256831  5.111711  18.215711  1.000000 -0.027372 0.203931 0.978603   -0.999623 -0.007688 -0.026358    0.002148 -0.978955 0.204064 
a 1.151408  4.124021  17.157170  1.000000 0.053390 0.322801 0.944960   0.997998 0.014888 -0.061472    -0.033912 0.946350 -0.321360 
a 0.180125  5.723530  18.282122  1.000000 0.037625 -0.090925 0.995147   0.998721 -0.030229 -0.040522    0.033766 0.995399 0.089671 
a 0.066751  3.531802  18.606278  1.000000 0.161042 0.069946 0.984466   -0.983516 0.094486 0.154174    -0.082234 -0.993066 0.084010 
a 1.096503  5.025641  19.363438  1.000000 -0.095540 -0.167381 0.981252   -0.991137 -0.075412 -0.109366    0.092304 -0.983004 -0.158692 
a 1.022960  4.079445  18.328027  1.000000 -0.204422 0.183526 0.961525   0.965812 -0.122168 0.228652    0.159431 0.975394 -0.152277 
a 0.143292  5.611606  19.225230  1.000000 0.019380 -0.118048 0.992819   0.999235 0.036016 -0.015223    -0.033960 0.992354 0.118656 
a 13.068201  3.256660  19.809026  1.000000 0.203623 -0.069457 0.976583   -0.977865 0.034627 0.206353    -0.048149 -0.996984 -0.060869 
a 1.207836  5.064995  20.541720  1.000000 -0.379082 -0.043522 0.924339   -0.925262 0.032553 -0.377928    -0.013642 -0.998522 -0.052610 
a 0.980505  3.732139  19.709043  1.000000 0.012891 0.148870 0.988773   0.999877 0.006928 -0.014079    -0.008946 0.988833 -0.148762 
a 0.020948  5.301988  20.463096  1.000000 -0.190896 -0.230256 0.954223   0.979486 -0.108606 0.169743    0.064550 0.967051 0.246265 
a 13.035677  3.407415  20.940629  1.000000 0.235668 -0.164060 0.957886   -0.947426 -0.258298 0.188856    0.216437 -0.952033 -0.216307 
a 1.132566  4.965593  21.705283  1.000000 0.034438 0.156122 0.987137   -0.998390 -0.039173 0.041026    0.045074 -0.986961 0.154521 
a 1.178630  3.824059  20.715756  1.000000 0.015508 0.023910 0.999594   0.996527 0.081425 -0.017408    -0.081808 0.996393 -0.022565 
a 0.246197  5.472734  21.721883  1.000000 0.056658 0.060570 0.996555   0.998277 -0.018715 -0.055618    0.015282 0.997988 -0.061526 
a 0.262303  3.211118  21.897252  1.000000 0.193022 -0.276606 0.941399   -0.981065 -0.069990 0.180591    0.015936 -0.958431 -0.284878 
a 0.974687  4.767769  22.778506  1.000000 0.001297 0.265042 0.964236   -0.988441 -0.145839 0.041417    0.151601 -0.953144 0.261789 
a 1.132310  3.881354  21.761068  1.000000 0.002197 0.153023 0.988220   0.993254 -0.114907 0.015584    0.115938 0.981519 -0.152243 
a 0.115188  5.363194  22.866376  1.000000 0.027751 0.137584 0.990101   0.982870 0.176781 -0.052114    -0.182201 0.974587 -0.130321 
a 0.325373  3.227828  23.039352  1.000000 0.431341 -0.129904 0.892788   -0.897069 -0.167034 0.409105    0.095982 -0.977356 -0.188581 
a 1.316289  4.795212  23.953710  1.000000 0.118704 -0.431844 0.894103   -0.992330 -0.082895 0.091708    0.034513 -0.898131 -0.438372 
a 1.217940  3.816908  23.127912  1.000000 0.170434 0.233533 0.957295   0.963229 0.165299 -0.211815    -0.207706 0.958195 -0.196773 
a 0.416866  5.314834  23.881169  1.000000 0.295840 0.010656 0.955178   0.948337 0.116695 -0.295024    -0.114608 0.993111 0.024417 
a 0.445360  3.219134  24.277603  1.000000 0.579957 -0.140571 0.802427   -0.808954 -0.215619 0.546902    0.096140 -0.966306 -0.238766 
a 1.399755  4.822037  25.062835  1.000000 -0.110126 -0.316066 0.942324   -0.988781 0.131105 -0.071582    -0.100919 -0.939635 -0.326958 
a 1.373382  3.895752  24.617615  1.000000 0.146009 -0.423962 0.893833   0.987131 0.002870 -0.159888    0.065222 0.905676 0.418925 
a 0.282013  5.154588  25.113514  1.000000 0.413207 0.155595 0.897246   0.902269 0.063316 -0.426500    -0.123171 0.985790 -0.114226 
a 0.252905  3.317617  25.539121  1.000000 0.029378 0.201947 0.978956   -0.997962 -0.049582 0.040177    0.056652 -0.978141 0.200078 
a 1.163041  4.687872  26.279984  1.000000 0.049647 -0.361797 0.930934   -0.997857 0.021799 0.061689    -0.042613 -0.932002 -0.359939 
a 1.426554  3.805034  25.881216  1.000000 -0.126720 -0.289577 0.948729   0.990284 -0.092142 0.104146    0.057260 0.952709 0.298440 
a 0.254825  5.279301  26.377138  1.000000 0.038448 -0.017818 0.999102   0.998659 -0.034005 -0.039037    0.034670 0.999263 0.016487 
a 0.225461  3.201698  26.646024  1.000000 -0.062774 -0.082632 0.994601   -0.997670 0.031867 -0.060320    -0.026710 -0.996071 -0.084440 
a 1.299363  4.513902  27.350705  1.000000 -0.004388 -0.342794 0.939400   -0.999989 0.000059 -0.004650    0.001539 -0.939411 -0.342790 
a 1.419086  3.453054  27.016538  1.000000 -0.075883 0.024057 0.996826   0.996060 0.047848 0.074670    -0.045900 0.998565 -0.027593 
a 0.433328  5.244342  27.485281  1.000000 -0.218123 -0.184835 0.958258   0.969511 -0.153397 0.191096    0.111673 0.970724 0.212659 
a 0.091563  2.970751  27.890228  1.000000 -0.062411 -0.161111 0.984961   -0.997697 -0.016191 -0.065867    0.026560 -0.986804 -0.159729 
a 1.626238  4.473966  28.675931  1.000000 0.053637 0.029300 0.998131   -0.998527 -0.006564 0.053851    0.008130 -0.999549 0.028905 
a 0.906995  3.477599  28.197515  1.000000 -0.276240 0.060813 0.959163   0.960020 0.064521 0.272396    -0.045321 0.996062 -0.076205 
a 0.706528  5.085054  28.786988  1.000000 -0.200135 -0.189451 0.961277   0.975455 -0.130492 0.177369    0.091836 0.973181 0.210917 
a 0.426165  2.779203  29.901334  1.000000 -0.064736 0.076567 0.994961   -0.997193 -0.042540 -0.061608    0.037609 -0.996157 0.079106 
a 1.550591  4.593846  29.915634  1.000000 0.246613 -0.045828 0.968030   -0.963158 -0.122162 0.239588    0.107276 -0.991452 -0.074267 
a 1.282542  3.592791  29.897652  1.000000 -0.058554 -0.048382 0.997111   0.993991 0.089711 0.062723    -0.092486 0.994792 0.042839 
a 0.474131  5.062747  30.029587  1.000000 0.079236 0.045292 0.995826   0.996824 0.004360 -0.079514    -0.007944 0.998964 -0.044803 
a 0.285216  3.015660  31.008119  1.000000 -0.103052 0.090920 0.990512   -0.990306 0.083867 -0.110729    -0.093138 -0.992321 0.081396 
a 1.329981  4.478979  30.991665  1.000000 0.112211 -0.045159 0.992658   -0.984066 0.133605 0.117318    -0.137922 -0.990005 -0.029448 
a 1.230048  3.369298  31.085595  1.000000 0.013615 0.016582 0.999770   0.996019 -0.088321 -0.012099    0.088100 0.995954 -0.017718 
a 0.338204  5.085119  31.104942  1.000000 0.098405 -0.045335 0.994113   0.995101 -0.005076 -0.098734    0.009522 0.998959 0.044613 
a 12.306953  3.642356  31.851883  1.000000 -0.087796 0.293271 0.951989   -0.494308 -0.842542 0.213968    0.864842 -0.451791 0.218939 
a 1.027687  4.860335  32.169841  1.000000 0.144033 -0.023830 0.989286   -0.985589 -0.093068 0.141253    0.088705 -0.995375 -0.036891 
a 1.013423  3.720463  32.234838  1.000000 0.169495 -0.080237 0.982259   0.983294 0.080890 -0.163066    -0.066371 0.993488 0.092607 
a 0.108932  5.449626  32.209331  1.000000 0.024485 -0.050951 0.998401   0.999658 -0.007937 -0.024921    0.009194 0.998670 0.050739 
a 0.068215  3.200675  31.951835  1.000000 -0.113022 0.149499 0.982281   -0.993474 -0.001766 -0.114041    -0.015314 -0.988760 0.148723 
a 1.118529  4.993601  33.317566  1.000000 -0.068273 0.152313 0.985971   -0.997338 0.014928 -0.071366    -0.025588 -0.988220 0.150888 
a 1.004493  3.845203  33.331971  1.000000 0.190926 0.120689 0.974157   0.980113 0.031244 -0.195964    -0.054087 0.992199 -0.112324 
a 0.109082  5.339374  33.394047  1.000000 0.088530 0.156560 0.983693   0.994468 -0.069938 -0.078369    0.056528 0.985189 -0.161885 
a 0.247830  3.176050  34.352174  1.000000 0.133192 -0.037493 0.990381   -0.989609 0.049575 0.134965    -0.054159 -0.998066 -0.030501 
a 1.272529  4.990755  34.443165  1.000000 -0.091776 0.063640 -0.993744   0.994490 -0.044915 -0.094721    -0.050662 -0.996962 -0.059167 
a 1.100708  3.868772  34.530214  1.000000 -0.140339 -0.017447 0.989950   0.977781 -0.159694 0.135799    0.155719 0.987012 0.039470 
a 0.291141  5.349862  34.532442  1.000000 0.085969 0.079659 0.993108   0.996289 -0.011001 -0.085362    0.004125 0.996761 -0.080309 
a 13.072768  3.072823  35.592757  1.000000 0.161437 -0.355952 0.920455   -0.977681 -0.184758 0.100025    0.134457 -0.916058 -0.377834 
a 0.491735  4.930998  35.609691  1.000000 0.187808 0.222171 0.956749   -0.942128 -0.234666 0.239431    0.277710 -0.946347 0.165241 
a 0.740679  3.825227  35.496088  1.000000 -0.143043 0.105438 0.984084   0.973866 0.192233 0.120961    -0.176420 0.975669 -0.130181 
a 12.605342  5.085361  35.829431  1.000000 0.180270 -0.242114 0.953354   0.975444 0.168690 -0.141606    -0.126536 0.955471 0.266578 
a 0.101627  3.378494  36.735942  1.000000 0.155952 -0.341982 0.926675   -0.984478 -0.130277 0.117602    0.080507 -0.930632 -0.356991 
a 1.233671  4.737722  36.708145  1.000000 0.389459 -0.250555 0.886309   -0.921003 -0.114933 0.372214    0.008606 -0.961256 -0.275524 
a 1.163744  3.604612  36.655559  1.000000 0.049772 -0.250568 0.966819   0.998737 0.005890 -0.049889    0.006806 0.968081 0.250545 
a 0.178257  5.001899  36.888274  1.000000 0.395334 -0.182688 0.900187   0.909097 0.217966 -0.355012    -0.131354 0.958705 0.252251 
a 12.869783  2.675006  38.318188  1.000000 0.637245 0.768728 0.054560   0.640389 -0.567582 0.517449    0.428744 -0.294802 -0.853973 
a 1.277836  6.781874  37.294055  1.000000 -0.619145 -0.622581 0.478594   0.109590 0.534992 0.837719    -0.777592 0.571119 -0.263009 
a 0.847416  3.490840  37.769130  1.000000 -0.332340 -0.911527 -0.242215   0.497529 -0.387608 0.776032    -0.801259 0.137397 0.582329 
a 0.169165  6.594559  38.287613  1.000000 -0.249132 -0.836837 -0.487480   -0.019000 0.507477 -0.861456    0.968283 -0.205354 -0.142329 
a 1.174844  2.440486  40.970905  1.000000 0.980873 0.183234 -0.065671   0.085924 -0.710335 -0.698600    -0.174656 0.679595 -0.712493 
a 0.526203  5.366327  38.217741  1.000000 -0.959301 0.217162 -0.180505   0.233130 0.969755 -0.072285    0.159348 -0.111424 -0.980914 
a 11.570039  3.333515  40.104686  1.000000 0.783430 0.422329 -0.455934   -0.216168 0.872995 0.437208    0.582674 -0.243963 0.775224 
a 2.743864  6.768768  37.938970  1.000000 0.592082 0.091485 -0.800668   -0.110428 -0.974953 -0.193059    -0.798276 0.202723 -0.567150 
a 10.463070  1.539120  38.865554  1.000000 -0.701170 0.676095 -0.226398   -0.562038 -0.328731 0.758979    0.438718 0.659417 0.610488 
a 1.078717  4.640547  39.892931  1.000000 -0.507940 -0.085031 0.857185   0.860347 -0.001059 0.509708    -0.042433 0.996378 0.073694 
a 2.645716  5.940414  41.025670  1.000000 -0.015630 -0.298204 0.954374   -0.913491 -0.383846 -0.134897    0.406559 -0.873920 -0.266407 
a 2.998372  7.228734  40.552654  1.000000 0.498385 -0.806936 0.316966   0.758985 0.229415 -0.609352    0.418991 0.544264 0.726790 
a 12.898997  2.946119  40.868619  1.000000 -0.623829 0.583111 -0.520403   0.415578 0.811401 0.411002    0.661916 0.040127 -0.748504 
a 3.879896  6.306134  40.869603  1.000000 -0.430522 0.395809 0.811163   -0.335938 -0.904416 0.263015    0.837733 -0.159267 0.522339 
a 4.337312  4.459834  44.044095  1.000000 0.316906 0.730232 -0.605254   0.649270 -0.632209 -0.422801    -0.691390 -0.258985 -0.674468 
a 1.321702  6.928747  41.841107  1.000000 0.327429 -0.095964 -0.939990   -0.532020 0.803420 -0.267341    0.780862 0.587628 0.212008 
a 10.406691  7.078446  43.672040  1.000000 -0.312127 -0.570932 0.759351   -0.194281 -0.744033 -0.639273    0.929963 -0.347062 0.121312 
a 0.242971  11.049585  43.817365  1.000000 -0.878040 -0.097314 0.468589   -0.086575 0.995253 0.044465    -0.470692 -0.001526 -0.882296 
a 2.728335  7.013978  42.189336  1.000000 0.239910 0.693714 0.679120   -0.523441 -0.496715 0.692304    0.817590 -0.521569 0.243951 
a 10.334774  9.373769  42.703811  1.000000 -0.074926 0.982590 0.170007   0.975109 0.107873 -0.193718    -0.208684 0.151260 -0.966215 
a 0.255206  8.238375  45.304998  1.000000 -0.821468 0.352088 -0.448580   -0.307788 0.388461 0.868542    0.480059 0.851547 -0.210740 
a 1.461447  8.936342  45.230681  1.000000 0.698738 0.462259 -0.545968   -0.622817 0.017625 -0.782169    -0.351942 0.886570 0.300218 
a 12.679020  9.742494  44.119031  1.000000 -0.928684 -0.360218 0.088262   0.370709 -0.894513 0.249843    -0.011047 0.264744 0.964255 
a 0.628378  10.306429  44.304993  1.000000 -0.874260 -0.431896 -0.221663   0.455880 -0.887356 -0.069080    -0.166859 -0.161446 0.972673 
a 12.817290  8.972859  1.353602  1.000000 0.502907 0.810663 0.299851   -0.731481 0.583982 -0.351996    -0.460457 -0.042314 0.886673 
a 4.099790  6.358599  44.535327  1.000000 0.567646 0.170495 0.805425   -0.485679 -0.720594 0.494834    0.664751 -0.672068 -0.326237 
a 12.986636  5.991944  1.922714  1.000000 0.437338 0.130958 0.889711   -0.392208 -0.862517 0.319745    0.809265 -0.488788 -0.325848 
